Time,PosX,PosY,PosZ,Roll,Pitch,Yaw
0.01,3.4803e-05,1.3056e-19,0.774078,1.21266e-19,-0.000101088,-1.00744e-19
0.02,0.000131766,2.01988e-18,0.772306,4.43216e-18,-0.000296312,3.48386e-18
0.03,0.000321614,8.03225e-19,0.769761,2.04725e-18,-0.000577685,8.66795e-18
0.04,0.000637789,4.33275e-18,0.766531,1.05617e-17,-0.000936386,6.39679e-18
0.05,0.00111574,5.20176e-18,0.762707,1.5891e-17,-0.00136294,5.47279e-19
0.06,0.00179222,5.61084e-18,0.758386,2.44635e-17,-0.00184739,-5.30141e-18
0.07,0.00270459,8.64087e-18,0.753663,2.92849e-17,-0.00237948,9.65053e-18
0.08,0.0038902,1.39434e-17,0.748638,4.05581e-17,-0.00294879,9.49478e-18
0.09,0.00538578,1.64119e-17,0.743405,3.35051e-17,-0.00354493,1.98314e-17
0.1,0.00720644,1.88942e-17,0.738059,2.4931e-17,-0.0041491,1.50205e-17
0.11,0.00921385,4.89283e-17,0.732687,-1.08051e-18,-0.00468039,2.76193e-17
0.12,0.0114082,1.00825e-16,0.727374,-3.60261e-17,-0.00513084,3.14001e-17
0.13,0.0137894,9.64612e-17,0.722197,-3.3625e-17,-0.00549656,2.41024e-17
0.14,0.0163573,9.30495e-17,0.717226,-6.28834e-17,-0.00577735,2.74561e-17
0.15,0.0191118,6.49597e-17,0.712525,-6.64854e-17,-0.00597607,-1.39037e-19
0.16,0.0220525,6.54995e-17,0.708148,-8.76662e-17,-0.00609813,1.03563e-17
0.17,0.025179,5.62798e-17,0.704142,-7.12231e-17,-0.00615086,1.43635e-17
0.18,0.0284909,2.58344e-17,0.700543,-7.88259e-17,-0.00614301,2.79464e-17
0.19,0.0319879,6.78999e-17,0.697381,-9.842e-17,-0.00608418,2.83346e-17
0.2,0.0356696,8.77305e-17,0.694675,-1.09442e-16,-0.00598436,1.39323e-17
0.21,0.0395356,6.08169e-17,0.692436,-8.67031e-17,-0.00585353,1.54811e-17
0.22,0.0435857,2.98238e-17,0.69067,-6.37172e-17,-0.00570129,1.07534e-17
0.23,0.0478194,7.16866e-18,0.68937,-4.64106e-17,-0.00553655,5.54476e-18
0.24,0.0522367,-9.48342e-19,0.688526,-4.74698e-17,-0.00536738,3.69055e-18
0.25,0.0568374,3.37141e-18,0.688121,-4.65058e-17,-0.00520078,1.03527e-17
0.26,0.0616213,-2.87961e-17,0.68813,-3.22414e-17,-0.00504262,9.77008e-18
0.27,0.0665883,-5.22548e-17,0.688526,-1.9436e-17,-0.00489761,6.8261e-18
0.28,0.0717383,-9.70927e-17,0.689276,4.49514e-18,-0.00476925,-1.37196e-19
0.29,0.0770715,-1.22839e-16,0.690344,2.19065e-17,-0.00465996,-8.86048e-18
0.3,0.0825877,-1.20625e-16,0.691691,2.65165e-17,-0.00457108,-6.29255e-18
0.31,0.088287,-9.30722e-17,0.693275,2.35249e-17,-0.00450302,1.63327e-18
0.32,0.0941694,-5.68903e-17,0.695057,1.45438e-17,-0.00445538,3.51615e-18
0.33,0.100235,-2.56967e-17,0.696992,1.19307e-17,-0.00442707,7.05746e-18
0.34,0.106484,1.49545e-17,0.69904,-2.13924e-18,-0.00441645,-1.76463e-18
0.35,0.112916,5.58216e-17,0.701159,-2.51811e-17,-0.0044215,-1.17418e-17
0.36,0.119532,6.97141e-17,0.703309,-4.55659e-17,-0.00443991,-4.0584e-18
0.37,0.126331,8.4875e-17,0.705454,-7.28098e-17,-0.00446922,-8.77127e-19
0.38,0.133314,8.12406e-17,0.707558,-7.69779e-17,-0.00450695,-1.40181e-18
0.39,0.140481,7.70254e-17,0.709589,-8.11096e-17,-0.00455068,5.22752e-18
0.4,0.147832,7.1171e-17,0.711518,-6.89112e-17,-0.00459811,-3.21196e-18
0.41,0.155366,5.30292e-17,0.713319,-6.76147e-17,-0.00464718,-2.65172e-18
0.42,0.163084,5.66688e-17,0.714971,-6.98351e-17,-0.00469605,1.96486e-18
0.43,0.170987,3.58406e-17,0.716456,-7.51384e-17,-0.00474319,5.01361e-19
0.44,0.179073,1.80017e-17,0.717759,-4.8573e-17,-0.00478735,-6.27248e-19
0.45,0.187343,-2.22956e-17,0.71887,-2.72228e-17,-0.00482759,3.28313e-18
0.46,0.195798,-4.88522e-17,0.719782,-1.13891e-17,-0.00486325,3.02352e-18
0.47,0.204436,-8.10685e-17,0.720491,8.77739e-18,-0.00489397,-1.41148e-18
0.48,0.213259,-7.63635e-17,0.720999,2.46544e-17,-0.0049196,5.3055e-18
0.49,0.222266,-7.5878e-17,0.721307,2.50802e-17,-0.00494024,1.61373e-17
0.5,0.231456,-8.14811e-17,0.721423,4.08095e-17,-0.00495613,1.41529e-17
0.51,0.240831,-8.97063e-17,0.721355,6.91095e-17,-0.00496769,1.85462e-17
0.52,0.25039,-9.8091e-17,0.721114,9.58123e-17,-0.00497543,2.11692e-17
0.53,0.260132,-1.1269e-16,0.720714,1.03787e-16,-0.00497993,2.38869e-17
0.54,0.270059,-1.27156e-16,0.72017,1.11431e-16,-0.00498181,2.46929e-17
0.55,0.28017,-1.275e-16,0.719497,1.10327e-16,-0.00498169,3.31721e-17
0.56,0.290464,-1.29841e-16,0.718714,1.15383e-16,-0.00498018,2.67069e-17
0.57,0.300943,-1.33478e-16,0.717838,1.18855e-16,-0.00497787,2.35612e-17
0.58,0.311605,-1.33714e-16,0.716886,1.22449e-16,-0.00497526,2.75266e-17
0.59,0.322451,-1.16533e-16,0.715879,1.14643e-16,-0.0049728,2.37483e-17
0.6,0.333481,-1.34849e-16,0.714833,1.1913e-16,-0.00497088,1.4541e-17
0.61,0.344695,-1.31631e-16,0.713766,1.21286e-16,-0.00496979,4.23018e-18
0.62,0.356092,-1.10632e-16,0.712694,1.07456e-16,-0.00496974,1.67081e-18
0.63,0.367673,-7.66932e-17,0.711635,8.80893e-17,-0.00497088,6.97513e-18
0.64,0.379439,-3.57298e-17,0.710601,5.61406e-17,-0.00497328,9.59609e-18
0.65,0.391387,-4.63842e-18,0.709607,3.86643e-17,-0.00497696,1.6348e-17
0.66,0.40352,1.00921e-17,0.708663,3.16134e-17,-0.00498185,1.31333e-17
0.67,0.415836,5.99279e-18,0.707782,4.20004e-17,-0.00498788,1.2914e-17
0.68,0.428336,2.21612e-18,0.70697,4.39997e-17,-0.00499491,2.24939e-18
0.69,0.44102,-7.11347e-18,0.706236,4.74182e-17,-0.00500279,-8.32373e-18
0.7,0.453888,-1.98618e-17,0.705584,5.85021e-17,-0.00501135,-7.09407e-18
0.71,0.466939,-2.94661e-17,0.705019,7.02568e-17,-0.0050204,-5.91176e-18
0.72,0.480174,-3.61132e-17,0.704542,7.43502e-17,-0.00502977,-3.30545e-18
0.73,0.493593,-3.82081e-17,0.704155,6.11383e-17,-0.00503928,-8.92943e-18
0.74,0.507196,-2.61356e-17,0.703856,5.20534e-17,-0.00504877,-1.32307e-17
0.75,0.520983,-3.75093e-17,0.703643,6.27244e-17,-0.00505811,-1.43057e-17
0.76,0.534953,-5.07178e-17,0.703513,6.49246e-17,-0.00506715,-9.03244e-18
0.77,0.549107,-3.98129e-17,0.703463,5.03626e-17,-0.00507581,-6.46893e-18
0.78,0.563445,-4.12842e-17,0.703485,4.87916e-17,-0.005084,-7.77451e-18
0.79,0.577967,-4.11151e-17,0.703575,5.01992e-17,-0.00509167,-9.42989e-18
0.8,0.592673,-3.70385e-17,0.703725,5.94434e-17,-0.00509878,1.76183e-18
0.81,0.607562,-4.89351e-17,0.703928,7.00009e-17,-0.00510532,-5.74506e-18
0.82,0.622635,-3.98239e-17,0.704176,6.94805e-17,-0.0051113,1.7844e-18
0.83,0.637892,-1.0424e-17,0.704463,5.42225e-17,-0.00511673,2.94719e-18
0.84,0.653333,7.36295e-18,0.704779,5.56765e-17,-0.00512166,3.94636e-18
0.85,0.668958,2.06627e-17,0.705116,5.6522e-17,-0.00512614,5.87196e-20
0.86,0.684766,3.9049e-17,0.705468,4.60407e-17,-0.00513021,1.27529e-18
0.87,0.700759,6.49867e-17,0.705826,2.5284e-17,-0.00513395,3.7514e-18
0.88,0.716935,8.831e-17,0.706184,-8.25995e-18,-0.00513741,8.90565e-18
0.89,0.733295,1.02501e-16,0.706534,-4.29667e-17,-0.00514066,7.38869e-18
0.9,0.749839,1.02186e-16,0.706872,-6.1963e-17,-0.00514377,-2.94678e-19
0.91,0.766566,1.04699e-16,0.70719,-9.03427e-17,-0.0051468,9.93379e-18
0.92,0.783478,1.08778e-16,0.707485,-9.15804e-17,-0.00514979,6.41372e-18
0.93,0.800573,1.07383e-16,0.707753,-8.97513e-17,-0.00515281,7.51988e-18
0.94,0.817852,1.06857e-16,0.707989,-8.84721e-17,-0.00515589,1.12714e-17
0.95,0.835316,1.16059e-16,0.708192,-9.63606e-17,-0.00515906,1.98252e-17
0.96,0.852962,1.16039e-16,0.708359,-9.9115e-17,-0.00516236,2.33482e-17
0.97,0.870793,1.07966e-16,0.708489,-9.37904e-17,-0.00516581,2.3801e-17
0.98,0.888808,9.05615e-17,0.708581,-7.19057e-17,-0.00516941,2.39429e-17
0.99,0.907006,5.64594e-17,0.708635,-5.69388e-17,-0.00517318,2.53072e-17
1,0.925388,1.15773e-17,0.708653,-5.05825e-17,-0.00517712,2.50315e-17
1.01,0.943954,-2.99015e-17,0.708634,-2.479e-17,-0.00518121,2.2535e-17
1.02,0.962704,-6.77599e-17,0.708581,7.25108e-18,-0.00518546,2.31209e-17
1.03,0.981638,-1.02301e-16,0.708496,4.74516e-17,-0.00518985,2.09791e-17
1.04,1.00076,-1.45433e-16,0.708382,9.06489e-17,-0.00519435,1.95075e-17
1.05,1.02006,-1.9806e-16,0.70824,1.38264e-16,-0.00519896,1.88954e-17
1.06,1.03954,-2.55474e-16,0.708075,1.82408e-16,-0.00520366,1.19225e-17
1.07,1.05921,-3.08708e-16,0.707889,2.29217e-16,-0.00520841,7.96093e-18
1.08,1.07906,-3.62836e-16,0.707686,2.73834e-16,-0.0052132,2.44438e-18
1.09,1.0991,-4.03134e-16,0.70747,3.23476e-16,-0.00521802,-1.66658e-18
1.1,1.11932,-4.49156e-16,0.707243,3.78656e-16,-0.00522284,-9.04249e-18
1.11,1.13973,-5.00507e-16,0.707009,4.21196e-16,-0.00522763,-2.63159e-17
1.12,1.16031,-5.44057e-16,0.706771,4.55948e-16,-0.0052324,-2.85355e-17
1.13,1.18109,-5.7868e-16,0.706533,4.92025e-16,-0.00523712,-3.59043e-17
1.14,1.20204,-6.12359e-16,0.706298,5.17448e-16,-0.00524177,-4.64676e-17
1.15,1.22318,-6.33444e-16,0.706068,5.73114e-16,-0.00524635,-6.41014e-17
1.16,1.2445,-6.75979e-16,0.705845,6.26389e-16,-0.00525085,-7.7752e-17
1.17,1.26601,-7.12366e-16,0.705633,6.69999e-16,-0.00525525,-8.53437e-17
1.18,1.2877,-7.47145e-16,0.705432,6.89495e-16,-0.00525956,-8.94352e-17
1.19,1.30958,-7.4437e-16,0.705245,6.98882e-16,-0.00526377,-8.72041e-17
1.2,1.33164,-7.48577e-16,0.705073,7.11672e-16,-0.00526788,-9.07526e-17
1.21,1.35388,-7.40079e-16,0.704917,7.2506e-16,-0.00527189,-8.60012e-17
1.22,1.37631,-6.98988e-16,0.704777,7.1555e-16,-0.0052758,-8.89116e-17
1.23,1.39892,-6.45242e-16,0.704654,6.72763e-16,-0.0052796,-8.75149e-17
1.24,1.42171,-5.66085e-16,0.704549,6.22597e-16,-0.00528331,-7.74484e-17
1.25,1.44469,-4.97716e-16,0.704461,5.83322e-16,-0.00528692,-8.80523e-17
1.26,1.46785,-4.51305e-16,0.704389,5.39422e-16,-0.00529044,-8.6301e-17
1.27,1.4912,-3.75093e-16,0.704333,4.70311e-16,-0.00529388,-8.80452e-17
1.28,1.51472,-2.85988e-16,0.704292,4.03035e-16,-0.00529723,-8.74351e-17
1.29,1.53844,-1.90648e-16,0.704265,3.37098e-16,-0.00530051,-9.9261e-17
1.3,1.56233,-1.20751e-16,0.704252,2.97201e-16,-0.00530372,-1.03061e-16
1.31,1.58642,-4.53228e-17,0.70425,2.4228e-16,-0.00530686,-1.08203e-16
1.32,1.61068,9.45602e-18,0.704258,1.83742e-16,-0.00530995,-1.15341e-16
1.33,1.63513,6.18017e-17,0.704276,1.5556e-16,-0.00531298,-1.31407e-16
1.34,1.65976,1.04267e-16,0.7043,9.49716e-17,-0.00531596,-1.44521e-16
1.35,1.68458,1.49433e-16,0.704331,5.24551e-17,-0.00531889,-1.28365e-16
1.36,1.70958,1.7361e-16,0.704366,4.30115e-17,-0.00532179,-1.31697e-16
1.37,1.73476,2.14423e-16,0.704404,1.51245e-17,-0.00532465,-1.27549e-16
1.38,1.76013,2.37413e-16,0.704443,-8.06818e-18,-0.00532748,-1.23772e-16
1.39,1.78568,2.24281e-16,0.704483,-2.04503e-17,-0.00533028,-1.32704e-16
1.4,1.81141,2.30675e-16,0.704521,-1.51947e-17,-0.00533306,-1.40143e-16
1.41,1.83733,2.39182e-16,0.704558,-3.4119e-17,-0.00533582,-1.31491e-16
1.42,1.86344,2.51923e-16,0.704591,-5.25394e-17,-0.00533856,-1.36028e-16
1.43,1.88972,2.52942e-16,0.70462,-6.18193e-17,-0.00534129,-1.38564e-16
1.44,1.91619,2.54664e-16,0.704644,-7.14739e-17,-0.005344,-1.41181e-16
1.45,1.94285,2.63333e-16,0.704662,-9.06302e-17,-0.00534671,-1.20825e-16
1.46,1.96969,2.63242e-16,0.704675,-9.527e-17,-0.0053494,-1.18558e-16
1.47,1.99671,2.44188e-16,0.704681,-7.96068e-17,-0.00535209,-1.32141e-16
1.48,2.02391,2.19926e-16,0.70468,-6.36657e-17,-0.00535477,-1.38741e-16
1.49,2.0513,2.002e-16,0.704672,-6.84384e-17,-0.00535745,-1.39636e-16
1.5,2.07888,1.88835e-16,0.704657,-7.52622e-17,-0.00536011,-1.34418e-16
1.51,2.10663,1.94432e-16,0.704636,-8.45994e-17,-0.00536278,-1.35997e-16
1.52,2.13457,1.94675e-16,0.704608,-9.01286e-17,-0.00536543,-1.3745e-16
1.53,2.1627,2.18541e-16,0.704574,-1.07069e-16,-0.00536808,-1.30493e-16
1.54,2.19101,2.42295e-16,0.704535,-1.35112e-16,-0.00537072,-1.34867e-16
1.55,2.2195,2.65183e-16,0.704489,-1.48003e-16,-0.00537336,-1.38923e-16
1.56,2.24818,2.83619e-16,0.704439,-1.53229e-16,-0.00537598,-1.44158e-16
1.57,2.27704,3.05937e-16,0.704385,-1.81961e-16,-0.00537859,-1.29287e-16
1.58,2.30608,3.46356e-16,0.704327,-2.34049e-16,-0.00538119,-1.22446e-16
1.59,2.33531,3.81866e-16,0.704266,-2.52953e-16,-0.00538377,-1.24877e-16
1.6,2.36472,4.19368e-16,0.704203,-2.82309e-16,-0.00538634,-1.23532e-16
1.61,2.39432,4.65453e-16,0.704138,-3.38422e-16,-0.00538889,-1.20494e-16
1.62,2.4241,4.86895e-16,0.704072,-3.6461e-16,-0.00539142,-1.25379e-16
1.63,2.45406,5.16056e-16,0.704005,-3.97881e-16,-0.00539393,-1.29911e-16
1.64,2.48421,5.38775e-16,0.703939,-4.24995e-16,-0.00539641,-1.24367e-16
1.65,2.51454,5.5378e-16,0.703873,-4.45544e-16,-0.00539887,-1.22948e-16
1.66,2.54505,5.81945e-16,0.703808,-4.70419e-16,-0.00540131,-1.17375e-16
1.67,2.57575,6.17021e-16,0.703746,-5.09077e-16,-0.00540372,-1.14649e-16
1.68,2.60663,6.43322e-16,0.703685,-5.4564e-16,-0.0054061,-1.03654e-16
1.69,2.6377,6.99366e-16,0.703626,-5.97883e-16,-0.00540845,-1.01146e-16
1.7,2.66895,7.90981e-16,0.703571,-6.73037e-16,-0.00541078,-9.48089e-17
1.71,2.70038,8.94256e-16,0.703518,-7.52951e-16,-0.00541307,-7.96041e-17
1.72,2.732,9.80424e-16,0.703469,-8.06681e-16,-0.00541533,-7.28487e-17
1.73,2.7638,1.06242e-15,0.703423,-8.80939e-16,-0.00541756,-5.84401e-17
1.74,2.79579,1.11587e-15,0.70338,-9.17078e-16,-0.00541976,-4.87219e-17
1.75,2.82796,1.1279e-15,0.703341,-9.23613e-16,-0.00542192,-4.40465e-17
1.76,2.86031,1.10545e-15,0.703305,-9.11331e-16,-0.00542406,-3.86755e-17
1.77,2.89285,1.0983e-15,0.703273,-9.18698e-16,-0.00542616,-2.66206e-17
1.78,2.92557,1.0896e-15,0.703243,-9.13336e-16,-0.00542824,-8.24577e-18
1.79,2.95847,1.07295e-15,0.703217,-9.12933e-16,-0.00543028,4.33284e-18
1.8,2.99156,1.04279e-15,0.703194,-8.98805e-16,-0.0054323,8.68074e-18
1.81,3.02483,1.04327e-15,0.703173,-8.95312e-16,-0.00543429,1.48959e-17
1.82,3.05829,1.04935e-15,0.703154,-8.82216e-16,-0.00543625,2.78579e-17
1.83,3.09193,1.02976e-15,0.703138,-8.38877e-16,-0.00543818,1.81148e-17
1.84,3.12575,1.0075e-15,0.703124,-8.10047e-16,-0.00544009,1.45514e-17
1.85,3.15976,9.64637e-16,0.703111,-7.75963e-16,-0.00544198,2.45695e-17
1.86,3.19395,8.88565e-16,0.703099,-7.22955e-16,-0.00544384,1.70917e-17
1.87,3.22832,8.33652e-16,0.703089,-6.71585e-16,-0.00544568,2.17899e-17
1.88,3.26288,7.88729e-16,0.703079,-6.33242e-16,-0.0054475,1.61742e-17
1.89,3.29762,7.50973e-16,0.70307,-5.82113e-16,-0.0054493,1.59801e-17
1.9,3.33255,7.17534e-16,0.70306,-5.42244e-16,-0.00545108,1.61729e-17
1.91,3.36766,6.98085e-16,0.703051,-5.02524e-16,-0.00545285,2.43051e-17
1.92,3.40295,6.61568e-16,0.703042,-4.51806e-16,-0.0054546,2.60196e-17
1.93,3.43843,6.17723e-16,0.703032,-4.14858e-16,-0.00545633,1.76989e-17
1.94,3.47409,5.85742e-16,0.703021,-3.77973e-16,-0.00545805,2.58824e-17
1.95,3.5082,5.83416e-16,0.703952,-3.40229e-16,-0.00588166,3.33296e-17
1.96,3.54166,5.28594e-16,0.705814,-2.85912e-16,-0.00709274,2.91578e-17
1.97,3.57512,4.70689e-16,0.707748,-2.3921e-16,-0.00826981,2.19982e-17
1.98,3.60829,2.27621e-16,0.71039,-3.44315e-17,-0.0100736,4.42816e-17
1.99,3.64132,1.42991e-16,0.713672,4.68295e-17,-0.0124149,4.88269e-17
2,3.6743,9.54344e-17,0.717495,1.06498e-16,-0.0151715,5.19402e-17
2.01,3.70735,-3.33946e-17,0.721736,1.91453e-16,-0.0181888,5.15332e-17
2.02,3.74054,-3.50549e-16,0.726254,4.18673e-16,-0.0212864,5.78263e-17
2.03,3.77392,-4.96831e-16,0.730894,5.27824e-16,-0.0242771,6.98945e-17
2.04,3.80749,-6.68688e-16,0.735574,6.53495e-16,-0.0270667,8.85091e-17
2.05,3.84125,-8.55291e-16,0.740218,8.18718e-16,-0.0295816,1.0085e-16
2.06,3.8752,-8.27805e-16,0.744754,8.21995e-16,-0.031769,1.05492e-16
2.07,3.90935,-6.57284e-16,0.749118,7.07284e-16,-0.0335955,1.18689e-16
2.08,3.94366,-5.67531e-16,0.753252,6.80774e-16,-0.0350339,1.15028e-16
2.09,3.97812,-5.25064e-16,0.757102,6.65634e-16,-0.0360774,1.18391e-16
2.1,4.0127,-5.24924e-16,0.760626,6.88341e-16,-0.036739,1.23698e-16
2.11,4.04742,-4.74433e-16,0.763789,6.78386e-16,-0.0370475,1.36335e-16
2.12,4.08225,-3.64968e-16,0.766565,6.13659e-16,-0.0370436,1.50805e-16
2.13,4.11722,-2.79586e-16,0.768937,5.76178e-16,-0.0367769,1.64158e-16
2.14,4.15234,-1.84861e-16,0.770894,5.46462e-16,-0.0363014,1.78928e-16
2.15,4.18763,-5.49282e-17,0.772433,4.95561e-16,-0.0356671,1.99943e-16
2.16,4.22309,1.10336e-16,0.773559,4.14956e-16,-0.0349312,2.25762e-16
2.17,4.25876,3.27158e-16,0.77428,2.92975e-16,-0.0341471,2.37046e-16
2.18,4.29453,5.90725e-16,0.774521,1.59753e-16,-0.0331764,2.55608e-16
2.19,4.33034,8.506e-16,0.774182,2.9024e-17,-0.0318572,2.73159e-16
2.2,4.36615,1.08838e-15,0.773201,-1.01852e-16,-0.0301462,2.82626e-16
2.21,4.40198,1.3099e-15,0.771543,-2.27016e-16,-0.0280531,2.87604e-16
2.22,4.43782,1.5171e-15,0.769184,-3.39443e-16,-0.0255987,2.98849e-16
2.23,4.47366,1.69756e-15,0.766106,-4.66364e-16,-0.022806,2.93515e-16
2.24,4.50952,1.8875e-15,0.762293,-5.41841e-16,-0.0196969,3.16932e-16
2.25,4.54538,2.0398e-15,0.757733,-6.52926e-16,-0.01629,2.99142e-16
2.26,4.58126,2.18333e-15,0.752415,-7.43606e-16,-0.0126008,2.92614e-16
2.27,4.61714,2.29306e-15,0.746331,-8.54726e-16,-0.00864116,2.72199e-16
2.28,4.65362,2.36472e-15,0.73996,-8.85654e-16,-0.00532931,2.71513e-16
2.29,4.69026,2.41153e-15,0.733412,-9.16412e-16,-0.00251152,2.77816e-16
2.3,4.72707,2.43842e-15,0.7268,-9.36812e-16,-0.000218744,2.74888e-16
2.31,4.76405,2.44975e-15,0.720229,-9.52375e-16,0.00154211,2.80313e-16
2.32,4.80119,2.44679e-15,0.7138,-9.50445e-16,0.00278473,2.86807e-16
2.33,4.8385,2.42346e-15,0.707604,-9.44327e-16,0.0035398,2.819e-16
2.34,4.87598,2.39092e-15,0.701721,-9.26009e-16,0.0038512,2.94043e-16
2.35,4.91363,2.36529e-15,0.696226,-9.02665e-16,0.00377249,3.01243e-16
2.36,4.95145,2.36103e-15,0.691179,-8.66962e-16,0.00336342,3.1072e-16
2.37,4.98945,2.34264e-15,0.686631,-8.41505e-16,0.0026869,3.06336e-16
2.38,5.02763,2.31598e-15,0.682621,-8.12986e-16,0.00180625,3.1049e-16
2.39,5.06599,2.27623e-15,0.679179,-7.94631e-16,0.000782832,3.13824e-16
2.4,5.10453,2.23954e-15,0.676323,-7.61519e-16,-0.0003258,3.04066e-16
2.41,5.14326,2.19926e-15,0.674059,-7.24245e-16,-0.00146744,3.11525e-16
2.42,5.18217,2.15359e-15,0.672387,-6.92077e-16,-0.00259627,3.0872e-16
2.43,5.22127,2.11275e-15,0.671295,-6.07494e-16,-0.00367359,3.05645e-16
2.44,5.26055,2.07534e-15,0.670763,-5.53057e-16,-0.00466813,3.1043e-16
2.45,5.30003,2.05106e-15,0.670764,-5.11891e-16,-0.00555608,3.11021e-16
2.46,5.33969,2.02215e-15,0.671264,-4.62836e-16,-0.00632088,3.06129e-16
2.47,5.37954,2.00985e-15,0.672224,-4.24878e-16,-0.00695273,2.9484e-16
2.48,5.41957,2.02791e-15,0.6736,-4.04916e-16,-0.00744801,3.10737e-16
2.49,5.4598,2.02415e-15,0.675342,-3.72761e-16,-0.00780847,2.94783e-16
2.5,5.50021,2.04198e-15,0.677402,-3.59499e-16,-0.00804044,2.97567e-16
2.51,5.53906,1.90338e-15,0.680659,-2.42673e-16,-0.00627592,3.06152e-16
2.52,5.57732,1.87141e-15,0.685013,-1.98861e-16,-0.00327211,3.08671e-16
2.53,5.61522,1.81661e-15,0.69034,-1.4819e-16,0.000598581,3.10822e-16
2.54,5.65294,1.88232e-15,0.696501,-1.62383e-16,0.00499989,3.15072e-16
2.55,5.69062,1.93494e-15,0.703334,-1.64703e-16,0.00962382,3.13944e-16
2.56,5.72835,2.005e-15,0.710657,-1.80047e-16,0.0141904,3.24417e-16
2.57,5.76622,2.03395e-15,0.718268,-1.86018e-16,0.0184488,3.28247e-16
2.58,5.80427,2.13087e-15,0.725956,-2.20043e-16,0.0221888,3.40826e-16
2.59,5.84247,2.25088e-15,0.733594,-2.59867e-16,0.0253484,3.53215e-16
2.6,5.88085,2.31461e-15,0.74106,-2.73366e-16,0.0278944,3.70064e-16
2.61,5.91939,2.29116e-15,0.748248,-2.28444e-16,0.029821,3.73753e-16
2.62,5.9581,2.42774e-15,0.75506,-2.91814e-16,0.0311457,3.80714e-16
2.63,5.99698,2.4566e-15,0.761412,-2.89737e-16,0.0319056,3.83438e-16
2.64,6.03602,2.43341e-15,0.767234,-2.58965e-16,0.0321532,3.82188e-16
2.65,6.07524,2.46596e-15,0.772468,-2.57194e-16,0.0319526,3.85339e-16
2.66,6.11462,2.55951e-15,0.77707,-2.97453e-16,0.0313751,3.89574e-16
2.67,6.15418,2.62679e-15,0.781008,-3.09915e-16,0.0304957,3.9902e-16
2.68,6.19392,2.69705e-15,0.784263,-3.35926e-16,0.02939,4.06038e-16
2.69,6.23381,2.73302e-15,0.786829,-3.26698e-16,0.0281433,4.22928e-16
2.7,6.27382,2.82174e-15,0.788712,-3.58599e-16,0.0268316,4.3383e-16
2.71,6.31396,2.98306e-15,0.789907,-3.97769e-16,0.0254949,4.3598e-16
2.72,6.35419,3.06308e-15,0.790301,-4.02297e-16,0.0240242,4.42794e-16
2.73,6.39452,3.14357e-15,0.789815,-3.8879e-16,0.0223478,4.47484e-16
2.74,6.43493,3.22797e-15,0.788417,-3.61745e-16,0.0204843,4.52954e-16
2.75,6.47543,3.31187e-15,0.786099,-3.31057e-16,0.0184334,4.54347e-16
2.76,6.51601,3.39068e-15,0.782864,-3.04268e-16,0.0161865,4.5002e-16
2.77,6.55668,3.46516e-15,0.77872,-2.82607e-16,0.0137308,4.41769e-16
2.78,6.59745,3.5455e-15,0.773681,-2.49485e-16,0.0110484,4.35682e-16
2.79,6.63834,3.62557e-15,0.767758,-2.15668e-16,0.00811719,4.26767e-16
2.8,6.67935,3.69773e-15,0.760966,-1.91491e-16,0.0049124,4.11412e-16
2.81,6.72051,3.73875e-15,0.753774,-1.68458e-16,0.00193742,4.42077e-16
2.82,6.76188,3.7733e-15,0.74632,-1.47132e-16,-0.000765652,4.61143e-16
2.83,6.80349,3.81519e-15,0.738737,-1.11549e-16,-0.00315602,4.76816e-16
2.84,6.8454,3.86318e-15,0.731152,-8.86742e-17,-0.00521172,4.94605e-16
2.85,6.88765,3.90517e-15,0.723685,-8.02457e-17,-0.00692691,5.0313e-16
2.86,6.93011,3.95265e-15,0.716443,-6.99589e-17,-0.00823936,5.10352e-16
2.87,6.97277,3.98353e-15,0.709524,-7.67509e-17,-0.0091555,5.30388e-16
2.88,7.01563,3.97938e-15,0.703017,-6.01541e-17,-0.00970168,5.34535e-16
2.89,7.05868,4.04537e-15,0.696997,-8.18065e-17,-0.00991375,5.38531e-16
2.9,7.10192,4.12652e-15,0.691526,-8.46519e-17,-0.00983427,5.36718e-16
2.91,7.14535,4.22157e-15,0.686655,-1.04617e-16,-0.00950995,5.49427e-16
2.92,7.18897,4.3424e-15,0.682421,-1.51831e-16,-0.0089894,5.47561e-16
2.93,7.23278,4.47268e-15,0.678849,-2.11931e-16,-0.00832107,5.52562e-16
2.94,7.27677,4.57184e-15,0.675953,-2.4131e-16,-0.00755154,5.52765e-16
2.95,7.32095,4.69095e-15,0.673733,-2.85604e-16,-0.0067242,5.61986e-16
2.96,7.36531,4.79781e-15,0.67218,-3.1254e-16,-0.00587811,5.72696e-16
2.97,7.40985,4.91953e-15,0.671276,-3.58301e-16,-0.00504728,5.83864e-16
2.98,7.45458,5.04975e-15,0.670991,-4.12022e-16,-0.00426023,5.96155e-16
2.99,7.49948,5.18715e-15,0.67129,-4.43078e-16,-0.00353973,6.03814e-16
3,7.54457,5.28675e-15,0.67213,-4.70812e-16,-0.00290286,5.93898e-16
3.01,7.58983,5.37922e-15,0.673462,-4.9508e-16,-0.00236123,5.99212e-16
3.02,7.63528,5.47594e-15,0.675233,-5.19907e-16,-0.00192135,5.98967e-16
3.03,7.68091,5.57246e-15,0.677386,-5.24727e-16,-0.00158512,5.98282e-16
3.04,7.72671,5.65706e-15,0.679862,-5.28688e-16,-0.00135044,6.02279e-16
3.05,7.7727,5.73255e-15,0.682601,-5.38139e-16,-0.00121187,6.09199e-16
3.06,7.81887,5.79975e-15,0.685542,-5.33673e-16,-0.00116128,6.1819e-16
3.07,7.86523,5.86023e-15,0.688625,-5.14393e-16,-0.00118852,6.26711e-16
3.08,7.91176,5.91521e-15,0.691791,-5.05154e-16,-0.00128211,6.47686e-16
3.09,7.95848,5.95894e-15,0.694986,-4.89127e-16,-0.00142981,6.51518e-16
3.1,8.00538,5.9979e-15,0.698156,-4.64945e-16,-0.00161919,6.56885e-16
3.11,8.05246,6.0391e-15,0.701251,-4.37992e-16,-0.00183809,6.71406e-16
3.12,8.09973,6.08966e-15,0.704229,-4.1214e-16,-0.00207504,6.92556e-16
3.13,8.14718,6.13192e-15,0.707047,-3.77996e-16,-0.00231956,7.05333e-16
3.14,8.19481,6.18034e-15,0.709672,-3.36799e-16,-0.00256242,7.12796e-16
3.15,8.24263,6.21983e-15,0.712073,-3.17703e-16,-0.0027958,7.25388e-16
3.16,8.29063,6.27263e-15,0.714226,-2.89491e-16,-0.00301333,7.36155e-16
3.17,8.33882,6.34383e-15,0.716113,-2.73543e-16,-0.00321017,7.40886e-16
3.18,8.3872,6.42069e-15,0.71772,-2.65799e-16,-0.00338295,7.55736e-16
3.19,8.43575,6.49506e-15,0.719039,-2.55719e-16,-0.00352965,7.55804e-16
3.2,8.4845,6.57026e-15,0.720065,-2.44486e-16,-0.00364952,7.54756e-16
3.21,8.53138,6.46126e-15,0.722082,-7.32258e-17,-0.00443668,7.75381e-16
3.22,8.57774,6.26769e-15,0.724987,1.14031e-16,-0.00630099,7.82723e-16
3.23,8.6238,6.07015e-15,0.728655,3.18774e-16,-0.00909009,7.93951e-16
3.24,8.66987,5.85711e-15,0.732287,4.69212e-16,-0.0118508,7.72768e-16
3.25,8.71614,5.82788e-15,0.736254,5.38294e-16,-0.015087,7.76924e-16
3.26,8.76256,5.84246e-15,0.740355,5.92037e-16,-0.0184481,7.7015e-16
3.27,8.80917,5.86348e-15,0.744447,6.35114e-16,-0.0217196,7.62854e-16
3.28,8.85598,6.05871e-15,0.748464,5.66725e-16,-0.0247952,7.74148e-16
3.29,8.90297,6.18408e-15,0.752345,5.39045e-16,-0.0275906,7.7312e-16
3.3,8.95016,6.10359e-15,0.756039,6.41335e-16,-0.0300445,7.66522e-16
3.31,8.99752,6.07808e-15,0.759495,7.19907e-16,-0.0321032,7.75881e-16
3.32,9.04501,6.15423e-15,0.762673,7.18697e-16,-0.0337379,7.8809e-16
3.33,9.09262,6.22566e-15,0.765539,7.47515e-16,-0.034944,8.04113e-16
3.34,9.14036,6.34504e-15,0.768067,7.4905e-16,-0.0357384,8.29442e-16
3.35,9.18821,6.54231e-15,0.770239,7.13986e-16,-0.0361447,8.58353e-16
3.36,9.2362,6.7336e-15,0.772044,6.69176e-16,-0.036192,8.73714e-16
3.37,9.28429,6.98988e-15,0.773438,5.79674e-16,-0.0358545,9.05837e-16
3.38,9.33239,7.23209e-15,0.774321,4.88011e-16,-0.035004,9.13884e-16
3.39,9.3805,7.474e-15,0.774635,4.2003e-16,-0.0336546,9.42244e-16
3.4,9.42863,7.68936e-15,0.774338,3.24325e-16,-0.0318402,9.37232e-16
3.41,9.47676,7.90219e-15,0.773396,2.50094e-16,-0.0296007,9.39508e-16
3.42,9.52491,8.10461e-15,0.771778,1.83731e-16,-0.026976,9.50358e-16
3.43,9.57307,8.28895e-15,0.769454,1.10713e-16,-0.0240032,9.48391e-16
3.44,9.62123,8.46385e-15,0.7664,4.78915e-17,-0.020716,9.55577e-16
3.45,9.66941,8.63161e-15,0.762593,-4.01654e-18,-0.0171431,9.58967e-16
3.46,9.71759,8.77923e-15,0.758015,-6.27442e-17,-0.0133089,9.60063e-16
3.47,9.76578,8.89553e-15,0.752649,-1.47191e-16,-0.00923292,9.36735e-16
3.48,9.81448,9.03703e-15,0.746947,-1.81113e-16,-0.00577804,9.37622e-16
3.49,9.86334,9.15696e-15,0.741013,-1.98068e-16,-0.00283647,9.45755e-16
3.5,9.91237,9.26108e-15,0.734951,-2.12122e-16,-0.000440874,9.52187e-16
3.51,9.96157,9.35247e-15,0.728862,-2.11779e-16,0.00140117,9.59108e-16
3.52,10.0109,9.42925e-15,0.722841,-2.02289e-16,0.00270362,9.52886e-16
3.53,10.0604,9.48285e-15,0.716977,-1.8316e-16,0.00349815,9.57829e-16
3.54,10.1101,9.50329e-15,0.711351,-1.35721e-16,0.00383032,9.70533e-16
3.55,10.16,9.5025e-15,0.706034,-6.92858e-17,0.00375576,9.80272e-16
3.56,10.21,9.48683e-15,0.701089,-1.19937e-18,0.00333667,9.82704e-16
3.57,10.2603,9.48927e-15,0.696569,7.17112e-17,0.00263856,9.92476e-16
3.58,10.3107,9.49652e-15,0.692518,1.47943e-16,0.00172738,9.96071e-16
3.59,10.3612,9.48979e-15,0.688968,2.04826e-16,0.000667089,9.9819e-16
3.6,10.412,9.50487e-15,0.685943,2.80051e-16,-0.000482329,9.86414e-16
3.61,10.4629,9.50396e-15,0.683455,3.27422e-16,-0.00166645,9.75273e-16
3.62,10.514,9.51692e-15,0.681509,3.77241e-16,-0.00283752,9.72535e-16
3.63,10.5634,9.414e-15,0.681264,4.93427e-16,-0.00171757,9.57374e-16
3.64,10.6121,9.25024e-15,0.682565,6.82698e-16,0.000725417,9.55148e-16
3.65,10.6606,9.31287e-15,0.685246,7.13683e-16,0.00403877,9.54228e-16
3.66,10.709,9.22718e-15,0.689116,8.20386e-16,0.007816,9.45108e-16
3.67,10.7575,9.12868e-15,0.693946,9.52124e-16,0.011682,9.50187e-16
3.68,10.8062,9.05281e-15,0.699469,1.06811e-15,0.01529,9.38213e-16
3.69,10.855,8.91079e-15,0.705549,1.20221e-15,0.0185447,9.52261e-16
3.7,10.904,8.90114e-15,0.71205,1.2749e-15,0.0213785,9.57185e-16
3.71,10.9532,8.85641e-15,0.718842,1.35819e-15,0.0237483,9.46865e-16
3.72,11.0025,8.87399e-15,0.725796,1.39285e-15,0.0256339,9.49331e-16
3.73,11.052,9.06957e-15,0.732793,1.31978e-15,0.0270354,9.4972e-16
3.74,11.1017,9.21065e-15,0.739717,1.26131e-15,0.0279703,9.51699e-16
3.75,11.1515,9.36135e-15,0.746463,1.21084e-15,0.0284704,9.58668e-16
3.76,11.2016,9.40116e-15,0.752937,1.22507e-15,0.0285791,9.53982e-16
3.77,11.2518,9.66162e-15,0.759053,1.10862e-15,0.0283478,9.55342e-16
3.78,11.3022,1.00479e-14,0.764737,9.27289e-16,0.027833,9.53704e-16
3.79,11.3527,1.02862e-14,0.76979,8.02406e-16,0.026926,9.45829e-16
3.8,11.4034,1.05003e-14,0.774073,6.57908e-16,0.0255958,9.88518e-16
3.81,11.4543,1.07135e-14,0.777505,5.41624e-16,0.0238858,1.01406e-15
3.82,11.5053,1.09315e-14,0.780034,4.62477e-16,0.0218704,1.03105e-15
3.83,11.5564,1.11412e-14,0.781626,3.93755e-16,0.0196192,1.03017e-15
3.84,11.6075,1.13538e-14,0.782255,3.57679e-16,0.0172263,1.02266e-15
3.85,11.6586,1.15717e-14,0.781909,3.54137e-16,0.0147666,1.00919e-15
3.86,11.7098,1.17824e-14,0.78058,3.55229e-16,0.0122631,9.84045e-16
3.87,11.761,1.199e-14,0.778271,3.69052e-16,0.00972075,9.51178e-16
3.88,11.8122,1.21948e-14,0.774989,3.9188e-16,0.00712885,9.08668e-16
3.89,11.8634,1.23887e-14,0.770747,4.0768e-16,0.00446414,8.53575e-16
3.9,11.9147,1.25813e-14,0.765562,4.31119e-16,0.00169372,7.95324e-16
3.91,11.9661,1.27203e-14,0.759821,4.0219e-16,-0.000793203,8.0633e-16
3.92,12.0176,1.28443e-14,0.75365,3.93177e-16,-0.00298902,8.00683e-16
3.93,12.0693,1.29438e-14,0.747171,3.79469e-16,-0.00489547,8.11829e-16
3.94,12.1212,1.30355e-14,0.740506,3.89045e-16,-0.00651043,8.07845e-16
3.95,12.1734,1.31178e-14,0.733769,4.05705e-16,-0.00783865,8.04088e-16
3.96,12.2259,1.32043e-14,0.727073,3.94989e-16,-0.00889463,7.99212e-16
3.97,12.2787,1.33382e-14,0.720516,3.60849e-16,-0.00962923,8.05041e-16
3.98,12.3316,1.34865e-14,0.714191,3.40559e-16,-0.0100617,8.0464e-16
3.99,12.3847,1.35861e-14,0.708183,3.62988e-16,-0.0102216,8.02043e-16
4,12.438,1.36773e-14,0.702564,3.5464e-16,-0.0101439,8.03107e-16
4.01,12.4915,1.38236e-14,0.697398,3.43207e-16,-0.00986696,7.99564e-16
4.02,12.5452,1.3915e-14,0.692734,3.5194e-16,-0.0094306,8.01378e-16
4.03,12.599,1.39734e-14,0.688614,3.84928e-16,-0.00887449,7.99111e-16
4.04,12.6531,1.41174e-14,0.685067,3.39912e-16,-0.00823674,8.02985e-16
4.05,12.7073,1.42759e-14,0.682109,3.08759e-16,-0.00755272,7.98312e-16
4.06,12.7617,1.44331e-14,0.67975,2.43292e-16,-0.00685427,7.92874e-16
4.07,12.8164,1.45939e-14,0.677987,1.80384e-16,-0.00616903,7.95548e-16
4.08,12.8711,1.47418e-14,0.676808,1.53962e-16,-0.0055201,8.0489e-16
4.09,12.9261,1.48306e-14,0.676193,1.53698e-16,-0.00492591,8.10167e-16
4.1,12.9812,1.48909e-14,0.676115,1.56427e-16,-0.0044002,8.01565e-16
4.11,13.0366,1.49535e-14,0.676541,1.78049e-16,-0.00395224,8.02663e-16
4.12,13.0921,1.50125e-14,0.677429,2.03744e-16,-0.00358718,8.07063e-16
4.13,13.1478,1.50815e-14,0.678735,2.36102e-16,-0.00330639,8.01562e-16
4.14,13.2036,1.5146e-14,0.680412,2.55627e-16,-0.00310805,8.15618e-16
4.15,13.2597,1.52131e-14,0.682408,2.95938e-16,-0.0029876,8.19196e-16
4.16,13.3159,1.52562e-14,0.684671,3.38567e-16,-0.00293835,8.28718e-16
4.17,13.3723,1.52967e-14,0.687147,3.9128e-16,-0.00295199,8.28811e-16
4.18,13.4289,1.53283e-14,0.689782,4.40435e-16,-0.00301916,8.40953e-16
4.19,13.4857,1.53631e-14,0.692525,4.96248e-16,-0.00312989,8.48196e-16
4.2,13.5402,1.52099e-14,0.696794,6.94545e-16,-0.00402112,8.57578e-16
4.21,13.5941,1.47021e-14,0.702362,1.09572e-15,-0.00615521,8.65874e-16
4.22,13.648,1.42154e-14,0.708121,1.45292e-15,-0.00838905,8.44411e-16
4.23,13.702,1.38421e-14,0.714548,1.76345e-15,-0.0113559,8.48148e-16
4.24,13.756,1.33425e-14,0.721353,2.15385e-15,-0.0146904,8.46068e-16
4.25,13.8103,1.301e-14,0.728267,2.43934e-15,-0.0180764,8.56733e-16
4.26,13.8647,1.27989e-14,0.735173,2.64195e-15,-0.0213816,8.63144e-16
4.27,13.9193,1.27405e-14,0.741961,2.75886e-15,-0.024496,8.61696e-16
4.28,13.9741,1.28677e-14,0.748531,2.72872e-15,-0.0273327,8.74375e-16
4.29,14.0291,1.30471e-14,0.754789,2.67476e-15,-0.0298061,8.85283e-16
4.3,14.0841,1.33668e-14,0.760654,2.5465e-15,-0.0318556,9.00398e-16
4.31,14.1392,1.37503e-14,0.766054,2.39993e-15,-0.0334232,9.15194e-16
4.32,14.1944,1.41183e-14,0.770934,2.2741e-15,-0.03447,9.42352e-16
4.33,14.2496,1.44851e-14,0.775249,2.12875e-15,-0.0350263,9.61601e-16
4.34,14.3048,1.48392e-14,0.778949,1.97128e-15,-0.0351059,9.70449e-16
4.35,14.36,1.51926e-14,0.781997,1.83373e-15,-0.0347527,9.97071e-16
4.36,14.4152,1.55625e-14,0.784362,1.74417e-15,-0.0340117,1.05413e-15
4.37,14.4704,1.59222e-14,0.786015,1.64769e-15,-0.0329243,1.09286e-15
4.38,14.5257,1.62651e-14,0.78693,1.53582e-15,-0.0315272,1.10029e-15
4.39,14.5809,1.65868e-14,0.787085,1.41195e-15,-0.0298515,1.11359e-15
4.4,14.6361,1.68744e-14,0.786463,1.25031e-15,-0.0279227,1.0877e-15
4.41,14.6914,1.71758e-14,0.785047,1.14354e-15,-0.0257608,1.09605e-15
4.42,14.7467,1.74692e-14,0.782828,1.04699e-15,-0.0233801,1.11385e-15
4.43,14.8019,1.77651e-14,0.779798,9.75539e-16,-0.0207902,1.12508e-15
4.44,14.8572,1.80323e-14,0.775953,8.79911e-16,-0.0179959,1.11757e-15
4.45,14.9125,1.82819e-14,0.771292,7.79719e-16,-0.0149975,1.0938e-15
4.46,14.9678,1.85117e-14,0.765819,6.75939e-16,-0.0117916,1.07121e-15
4.47,15.0231,1.87257e-14,0.759539,5.75078e-16,-0.00837172,1.05071e-15
4.48,15.0784,1.89496e-14,0.752458,5.15349e-16,-0.00472835,1.05958e-15
4.49,15.1341,1.91645e-14,0.745067,4.44656e-16,-0.00169843,1.06512e-15
4.5,15.19,1.93732e-14,0.7375,4.01468e-16,0.00081533,1.08225e-15
4.51,15.2461,1.95521e-14,0.729883,3.71416e-16,0.00279594,1.09722e-15
4.52,15.3024,1.97149e-14,0.722339,3.71602e-16,0.00424867,1.10759e-15
4.53,15.3588,1.9841e-14,0.71498,3.80946e-16,0.00519744,1.1192e-15
4.54,15.4154,1.99419e-14,0.707909,3.85286e-16,0.00568103,1.12767e-15
4.55,15.4721,1.99947e-14,0.701219,4.28301e-16,0.00574942,1.13442e-15
4.56,15.529,2.00255e-14,0.69499,5.0007e-16,0.00546023,1.14669e-15
4.57,15.5842,2.01168e-14,0.690583,5.62613e-16,0.00722743,1.13724e-15
4.58,15.6389,1.99413e-14,0.687834,7.62802e-16,0.00999502,1.13838e-15
4.59,15.6934,1.98496e-14,0.686582,9.22245e-16,0.0132954,1.15195e-15
4.6,15.748,1.98392e-14,0.686633,1.03307e-15,0.0167109,1.16293e-15
4.61,15.8027,1.97024e-14,0.687742,1.20972e-15,0.0198556,1.16945e-15
4.62,15.8575,1.9577e-14,0.689785,1.41734e-15,0.0226026,1.18617e-15
4.63,15.9126,1.92318e-14,0.692668,1.74968e-15,0.0249099,1.18398e-15
4.64,15.9678,1.89341e-14,0.696291,2.04762e-15,0.0267569,1.18275e-15
4.65,16.0232,1.86413e-14,0.700551,2.33222e-15,0.0281419,1.18136e-15
4.66,16.0788,1.82138e-14,0.705338,2.71854e-15,0.0290799,1.18754e-15
4.67,16.1345,1.78144e-14,0.710545,3.08736e-15,0.0295995,1.17559e-15
4.68,16.1904,1.75378e-14,0.716063,3.3732e-15,0.0297402,1.1717e-15
4.69,16.2465,1.73557e-14,0.721785,3.58682e-15,0.0295494,1.17258e-15
4.7,16.3027,1.72295e-14,0.72761,3.76493e-15,0.0290796,1.16273e-15
4.71,16.3592,1.72015e-14,0.733277,3.89729e-15,0.0281805,1.16285e-15
4.72,16.4158,1.72036e-14,0.738467,4.0043e-15,0.02666,1.15161e-15
4.73,16.4726,1.72315e-14,0.743006,4.0927e-15,0.0245164,1.1432e-15
4.74,16.5296,1.72992e-14,0.746786,4.18825e-15,0.0218225,1.12666e-15
4.75,16.5868,1.73905e-14,0.749728,4.26456e-15,0.0186736,1.09513e-15
4.76,16.644,1.7494e-14,0.75177,4.30679e-15,0.0151909,1.08853e-15
4.77,16.7013,1.76082e-14,0.752863,4.32253e-15,0.0114834,1.1141e-15
4.78,16.7587,1.77296e-14,0.752967,4.3073e-15,0.00770762,1.16007e-15
4.79,16.816,1.78952e-14,0.752377,4.34048e-15,0.00432308,1.17e-15
4.8,16.8734,1.80713e-14,0.751143,4.36878e-15,0.00138684,1.18566e-15
4.81,16.9308,1.82545e-14,0.749323,4.3894e-15,-0.00107029,1.20872e-15
4.82,16.9882,1.84558e-14,0.746983,4.39922e-15,-0.00304951,1.21585e-15
4.83,17.0457,1.86696e-14,0.744189,4.40822e-15,-0.00457724,1.22423e-15
4.84,17.1034,1.89148e-14,0.741015,4.38259e-15,-0.00569828,1.24075e-15
4.85,17.1612,1.91877e-14,0.737533,4.35139e-15,-0.00646948,1.25723e-15
4.86,17.2193,1.94565e-14,0.733817,4.33421e-15,-0.00694667,1.26515e-15
4.87,17.2775,1.97457e-14,0.72994,4.2997e-15,-0.0071757,1.2859e-15
4.88,17.3361,2.00281e-14,0.725972,4.23586e-15,-0.00720429,1.27675e-15
4.89,17.3949,2.0314e-14,0.72198,4.1635e-15,-0.00703972,1.28636e-15
4.9,17.4539,2.05391e-14,0.718026,4.15227e-15,-0.00669872,1.26672e-15
4.91,17.5131,2.07384e-14,0.714169,4.13422e-15,-0.00622116,1.26066e-15
4.92,17.5725,2.09387e-14,0.710461,4.11211e-15,-0.00564595,1.26805e-15
4.93,17.632,2.11465e-14,0.70695,4.07639e-15,-0.00500981,1.27717e-15
4.94,17.6918,2.13667e-14,0.703678,4.05628e-15,-0.00434625,1.26996e-15
4.95,17.7517,2.15699e-14,0.70068,4.05482e-15,-0.00368478,1.26676e-15
4.96,17.8118,2.17691e-14,0.697983,4.0361e-15,-0.00305051,1.26268e-15
4.97,17.8721,2.1971e-14,0.695609,4.01566e-15,-0.00246383,1.25706e-15
4.98,17.9326,2.21817e-14,0.693575,3.97616e-15,-0.00194042,1.25874e-15
4.99,17.9932,2.23957e-14,0.691889,3.93662e-15,-0.00149134,1.25356e-15
5,18.0541,2.26072e-14,0.690554,3.90046e-15,-0.00112334,1.25238e-15
5.01,18.1151,2.28254e-14,0.689568,3.86719e-15,-0.000839237,1.25042e-15
5.02,18.1763,2.30513e-14,0.688924,3.82071e-15,-0.000638393,1.24806e-15
5.03,18.2376,2.32787e-14,0.688607,3.77132e-15,-0.000517243,1.2489e-15
5.04,18.2992,2.35179e-14,0.688603,3.73447e-15,-0.000469849,1.24173e-15
5.05,18.3609,2.3756e-14,0.688889,3.69049e-15,-0.000488463,1.2265e-15
5.06,18.4229,2.39896e-14,0.689442,3.64889e-15,-0.000564062,1.21749e-15
5.07,18.485,2.42115e-14,0.690235,3.59299e-15,-0.000686862,1.20959e-15
5.08,18.5444,2.40381e-14,0.692899,3.81589e-15,-0.00163144,1.2025e-15
5.09,18.6031,2.3862e-14,0.697142,3.99623e-15,-0.00393306,1.18551e-15
5.1,18.6619,2.37311e-14,0.701738,4.20173e-15,-0.00628724,1.19613e-15
5.11,18.7207,2.36887e-14,0.707193,4.31545e-15,-0.00936696,1.18522e-15
5.12,18.7796,2.37561e-14,0.713168,4.36185e-15,-0.0127628,1.16348e-15
5.13,18.8388,2.37677e-14,0.71945,4.41439e-15,-0.0162173,1.14577e-15
5.14,18.8981,2.3749e-14,0.725921,4.48273e-15,-0.0195963,1.1294e-15
5.15,18.9576,2.36939e-14,0.732464,4.59656e-15,-0.0227875,1.10222e-15
5.16,19.0173,2.36012e-14,0.73897,4.73072e-15,-0.0257014,1.07688e-15
5.17,19.0771,2.3709e-14,0.74534,4.70204e-15,-0.0282717,1.05557e-15
5.18,19.1372,2.37003e-14,0.751478,4.76126e-15,-0.030441,1.03186e-15
5.19,19.1974,2.37261e-14,0.7573,4.80967e-15,-0.0321682,1.02644e-15
5.2,19.2576,2.36805e-14,0.762731,4.90022e-15,-0.0334297,1.02194e-15
5.21,19.3179,2.36496e-14,0.767666,4.95674e-15,-0.0340939,1.00371e-15
5.22,19.3782,2.36594e-14,0.772042,5.05182e-15,-0.0342016,1.02396e-15
5.23,19.4385,2.36757e-14,0.775808,5.11811e-15,-0.0338098,1.0184e-15
5.24,19.4988,2.37265e-14,0.778921,5.21476e-15,-0.0329787,1.0504e-15
5.25,19.5591,2.37613e-14,0.781344,5.24144e-15,-0.031765,1.02262e-15
5.26,19.6194,2.38009e-14,0.783041,5.24478e-15,-0.03022,1.00349e-15
5.27,19.6797,2.38691e-14,0.78398,5.26581e-15,-0.0283881,9.9205e-16
5.28,19.7401,2.39542e-14,0.784135,5.28042e-15,-0.0263069,9.89766e-16
5.29,19.8004,2.40457e-14,0.783483,5.26957e-15,-0.0240068,9.78952e-16
5.3,19.8608,2.41689e-14,0.782006,5.27945e-15,-0.0215112,9.90722e-16
5.31,19.9211,2.43141e-14,0.779691,5.28788e-15,-0.018837,1.00477e-15
5.32,19.9815,2.44686e-14,0.77653,5.27419e-15,-0.0159946,1.00443e-15
5.33,20.0419,2.46554e-14,0.77252,5.27743e-15,-0.0129887,1.02137e-15
5.34,20.1023,2.4855e-14,0.767662,5.26605e-15,-0.00981833,1.04175e-15
5.35,20.1626,2.50648e-14,0.76196,5.23752e-15,-0.0064782,1.05262e-15
5.36,20.223,2.52837e-14,0.755421,5.19298e-15,-0.00295871,1.05656e-15
5.37,20.2838,2.54955e-14,0.74851,5.16648e-15,-4.83386e-05,1.05794e-15
5.38,20.3448,2.57053e-14,0.741358,5.12244e-15,0.00233722,1.05567e-15
5.39,20.4059,2.59084e-14,0.73409,5.07353e-15,0.00418665,1.06033e-15
5.4,20.4672,2.61212e-14,0.726826,5.0492e-15,0.00551015,1.06145e-15
5.41,20.5287,2.63611e-14,0.719679,5.00092e-15,0.00633577,1.05514e-15
5.42,20.5884,2.63178e-14,0.714135,5.13202e-15,0.00913478,1.05437e-15
5.43,20.6478,2.62036e-14,0.710028,5.2827e-15,0.0127728,1.05974e-15
5.44,20.7071,2.5998e-14,0.707208,5.48607e-15,0.0167523,1.06904e-15
5.45,20.7665,2.60033e-14,0.70548,5.55817e-15,0.0206284,1.06888e-15
5.46,20.8261,2.59557e-14,0.704616,5.66417e-15,0.0240142,1.07916e-15
5.47,20.8858,2.59718e-14,0.704573,5.68806e-15,0.0268615,1.08637e-15
5.48,20.9457,2.58617e-14,0.705296,5.80061e-15,0.0291449,1.08992e-15
5.49,21.0057,2.60732e-14,0.706725,5.71872e-15,0.0308629,1.09104e-15
5.5,21.066,2.63039e-14,0.708792,5.60613e-15,0.0320338,1.08986e-15
5.51,21.1264,2.66081e-14,0.711424,5.44169e-15,0.032693,1.07932e-15
5.52,21.1869,2.69207e-14,0.714543,5.26476e-15,0.0328885,1.06548e-15
5.53,21.2477,2.73305e-14,0.71807,5.03733e-15,0.0326781,1.06237e-15
5.54,21.3086,2.77921e-14,0.721923,4.75642e-15,0.0321257,1.05132e-15
5.55,21.3697,2.83008e-14,0.725826,4.45755e-15,0.031048,1.03714e-15
5.56,21.431,2.87874e-14,0.729416,4.18297e-15,0.029205,1.00616e-15
5.57,21.4925,2.92269e-14,0.732495,3.89014e-15,0.0265816,1.02781e-15
5.58,21.5541,2.965e-14,0.734942,3.64263e-15,0.0232541,1.02059e-15
5.59,21.6159,3.0052e-14,0.73666,3.42772e-15,0.0193303,1.00475e-15
5.6,21.6779,3.04305e-14,0.737573,3.23692e-15,0.0149224,9.68195e-16
5.61,21.74,3.08124e-14,0.737611,3.10893e-15,0.0101528,8.99599e-16
5.62,21.8022,3.11691e-14,0.737146,2.94146e-15,0.0056593,8.6784e-16
5.63,21.8644,3.14925e-14,0.736217,2.78912e-15,0.00160462,8.49321e-16
5.64,21.9268,3.17772e-14,0.734866,2.66619e-15,-0.00190668,8.35395e-16
5.65,21.9892,3.20232e-14,0.733139,2.58929e-15,-0.00482902,8.21197e-16
5.66,22.0517,3.22241e-14,0.731088,2.54061e-15,-0.00715596,8.07734e-16
5.67,22.1144,3.23848e-14,0.728763,2.52194e-15,-0.00891252,8.02452e-16
5.68,22.1771,3.25154e-14,0.726219,2.49387e-15,-0.0101474,8.0572e-16
5.69,22.2401,3.26198e-14,0.72351,2.50357e-15,-0.0109254,8.10793e-16
5.7,22.3033,3.26849e-14,0.72069,2.55419e-15,-0.0113062,8.1138e-16
5.71,22.3668,3.2743e-14,0.717811,2.6158e-15,-0.0113521,8.08245e-16
5.72,22.4306,3.28034e-14,0.71492,2.65318e-15,-0.0111176,8.03771e-16
5.73,22.4945,3.28411e-14,0.712063,2.71496e-15,-0.0106187,8.06243e-16
5.74,22.5586,3.28957e-14,0.709281,2.75275e-15,-0.00991339,8.09452e-16
5.75,22.6229,3.30294e-14,0.706612,2.7442e-15,-0.00905862,8.11063e-16
5.76,22.6874,3.31761e-14,0.70409,2.72175e-15,-0.00810833,8.06438e-16
5.77,22.7521,3.33129e-14,0.701745,2.71933e-15,-0.00711201,8.10661e-16
5.78,22.817,3.34699e-14,0.699601,2.69441e-15,-0.00611355,8.19364e-16
5.79,22.882,3.36543e-14,0.697678,2.64546e-15,-0.00515042,8.17271e-16
5.8,22.9473,3.38221e-14,0.695991,2.62214e-15,-0.00425334,8.20109e-16
5.81,23.0127,3.3946e-14,0.694551,2.60941e-15,-0.00344609,8.1378e-16
5.82,23.0783,3.40883e-14,0.693364,2.57409e-15,-0.00274573,8.25916e-16
5.83,23.144,3.42187e-14,0.692431,2.56574e-15,-0.0021629,8.25796e-16
5.84,23.21,3.43318e-14,0.69175,2.56693e-15,-0.00170247,8.23223e-16
5.85,23.2761,3.444e-14,0.691315,2.57374e-15,-0.00136413,8.25728e-16
5.86,23.3424,3.45251e-14,0.691116,2.59842e-15,-0.0011432,8.20854e-16
5.87,23.4089,3.45873e-14,0.691141,2.62146e-15,-0.0010314,8.25784e-16
5.88,23.4756,3.46339e-14,0.691375,2.63871e-15,-0.00101774,8.29546e-16
5.89,23.5392,3.45133e-14,0.69363,2.7719e-15,-0.00192679,8.25866e-16
5.9,23.6028,3.44322e-14,0.696417,2.93202e-15,-0.00318677,8.5405e-16
5.91,23.6659,3.40212e-14,0.700455,3.26884e-15,-0.0055452,8.54868e-16
5.92,23.729,3.36463e-14,0.705424,3.56267e-15,-0.00873451,8.52056e-16
5.93,23.7923,3.34189e-14,0.710947,3.77524e-15,-0.0123042,8.61903e-16
5.94,23.8557,3.3372e-14,0.71684,3.85609e-15,-0.0160046,8.56626e-16
5.95,23.9194,3.35714e-14,0.722986,3.78338e-15,-0.0196816,8.60148e-16
5.96,23.9832,3.3799e-14,0.729271,3.69978e-15,-0.0232039,8.6987e-16
5.97,24.0472,3.39859e-14,0.735584,3.65113e-15,-0.0264645,8.76993e-16
5.98,24.1114,3.39686e-14,0.741825,3.73077e-15,-0.0293812,8.80301e-16
5.99,24.1757,3.39955e-14,0.747897,3.80003e-15,-0.0318937,8.91059e-16
6,24.2403,3.39567e-14,0.753712,3.90902e-15,-0.0339449,8.90873e-16
6.01,24.3048,3.39189e-14,0.759126,3.97673e-15,-0.0353565,8.66351e-16
6.02,24.3693,3.38941e-14,0.764059,4.03415e-15,-0.0361053,8.51705e-16
6.03,24.4339,3.38907e-14,0.768456,4.09104e-15,-0.0362486,8.32741e-16
6.04,24.4985,3.39254e-14,0.77227,4.18773e-15,-0.0358529,8.60213e-16
6.05,24.5631,3.39652e-14,0.775456,4.25252e-15,-0.0349848,8.62509e-16
6.06,24.6277,3.40072e-14,0.777975,4.28371e-15,-0.0337064,8.48768e-16
6.07,24.6923,3.40593e-14,0.779786,4.29518e-15,-0.0320737,8.25125e-16
6.08,24.7569,3.41391e-14,0.780855,4.32353e-15,-0.0301359,8.31459e-16
6.09,24.8216,3.42437e-14,0.781152,4.35674e-15,-0.0279351,8.28102e-16
6.1,24.8862,3.43389e-14,0.780649,4.33917e-15,-0.0255062,8.07184e-16
6.11,24.9508,3.44615e-14,0.779325,4.33537e-15,-0.022877,7.97567e-16
6.12,25.0155,3.46022e-14,0.777165,4.32847e-15,-0.0200682,7.93492e-16
6.13,25.0801,3.47487e-14,0.774157,4.30045e-15,-0.0170939,7.9069e-16
6.14,25.1448,3.49121e-14,0.770295,4.27086e-15,-0.0139619,7.92582e-16
6.15,25.2095,3.50922e-14,0.765577,4.23886e-15,-0.0106743,8.00011e-16
6.16,25.2741,3.5276e-14,0.760006,4.18548e-15,-0.0072279,8.00096e-16
6.17,25.3392,3.54706e-14,0.754009,4.15999e-15,-0.00436105,8.25024e-16
6.18,25.4044,3.56989e-14,0.747702,4.10418e-15,-0.00200388,8.36312e-16
6.19,25.4698,3.59252e-14,0.741201,4.05255e-15,-0.000167956,8.50875e-16
6.2,25.5353,3.61455e-14,0.734618,3.99263e-15,0.00115616,8.65293e-16
6.21,25.5993,3.58741e-14,0.729458,4.25023e-15,0.00440792,8.8449e-16
6.22,25.663,3.59379e-14,0.72554,4.29864e-15,0.00841267,8.99584e-16
6.23,25.7267,3.59961e-14,0.722684,4.34706e-15,0.0126351,9.09056e-16
6.24,25.7906,3.61457e-14,0.720662,4.3344e-15,0.0165927,9.28922e-16
6.25,25.8546,3.62453e-14,0.719332,4.33171e-15,0.0200226,9.38718e-16
6.26,25.9187,3.64046e-14,0.718666,4.31008e-15,0.0228801,9.49188e-16
6.27,25.9831,3.66258e-14,0.71863,4.24555e-15,0.0251465,9.55579e-16
6.28,26.0476,3.70075e-14,0.719185,4.06251e-15,0.0268267,9.63256e-16
6.29,26.1122,3.73904e-14,0.720281,3.88282e-15,0.0279456,9.8123e-16
6.3,26.1771,3.77197e-14,0.721868,3.70829e-15,0.0285446,9.86808e-16
6.31,26.2421,3.8235e-14,0.723889,3.41954e-15,0.0286775,9.98805e-16
6.32,26.3072,3.89068e-14,0.726284,3.03007e-15,0.028407,1.00468e-15
6.33,26.3726,3.96443e-14,0.728778,2.60377e-15,0.0275314,1.00777e-15
6.34,26.4382,4.03175e-14,0.731022,2.1839e-15,0.0258111,1.02634e-15
6.35,26.5039,4.09134e-14,0.732826,1.75995e-15,0.0232281,1.0729e-15
6.36,26.5698,4.14535e-14,0.734069,1.37066e-15,0.0198566,1.10938e-15
6.37,26.6358,4.19082e-14,0.734658,9.70645e-16,0.0158038,1.25788e-15
6.38,26.702,4.23413e-14,0.734511,6.76071e-16,0.0111837,1.33155e-15
6.39,26.7684,4.2863e-14,0.734023,4.33707e-16,0.00667691,1.31423e-15
6.4,26.835,4.33252e-14,0.733224,2.08914e-16,0.00242116,1.28927e-15
6.41,26.9017,4.3728e-14,0.732145,4.0075e-17,-0.00145151,1.27519e-15
6.42,26.9686,4.40493e-14,0.730816,-6.86414e-17,-0.00484869,1.26405e-15
6.43,27.0356,4.4292e-14,0.729275,-1.42495e-16,-0.00770881,1.25394e-15
6.44,27.1028,4.44784e-14,0.727556,-1.77517e-16,-0.00999574,1.24149e-15
6.45,27.1701,4.46147e-14,0.725697,-1.82284e-16,-0.0117251,1.24008e-15
6.46,27.2377,4.46977e-14,0.723735,-1.27073e-16,-0.0129369,1.24377e-15
6.47,27.3054,4.47185e-14,0.721707,-3.32721e-17,-0.0136761,1.24519e-15
6.48,27.3734,4.46806e-14,0.719648,8.23716e-17,-0.0139986,1.23598e-15
6.49,27.4417,4.4604e-14,0.717593,2.29425e-16,-0.0139599,1.22328e-15
6.5,27.5102,4.45019e-14,0.71557,3.82786e-16,-0.0135866,1.21091e-15
6.51,27.5788,4.44382e-14,0.713608,5.08165e-16,-0.0129417,1.18872e-15
6.52,27.6477,4.44848e-14,0.711731,5.69087e-16,-0.0120888,1.18686e-15
6.53,27.7167,4.45113e-14,0.709963,6.50014e-16,-0.0110898,1.18477e-15
6.54,27.786,4.4544e-14,0.708322,7.42621e-16,-0.0100027,1.17354e-15
6.55,27.8554,4.44783e-14,0.706824,9.06877e-16,-0.00888019,1.15545e-15
6.56,27.925,4.4416e-14,0.705482,1.04052e-15,-0.00776864,1.14389e-15
6.57,27.9947,4.43758e-14,0.704305,1.15599e-15,-0.00670712,1.14598e-15
6.58,28.0647,4.43155e-14,0.703299,1.28355e-15,-0.00572719,1.14063e-15
6.59,28.1348,4.42492e-14,0.702467,1.41952e-15,-0.00485284,1.14013e-15
6.6,28.2051,4.41793e-14,0.70181,1.551e-15,-0.00410071,1.14024e-15
6.61,28.2756,4.41149e-14,0.701324,1.6799e-15,-0.00348056,1.13406e-15
6.62,28.3463,4.40682e-14,0.701005,1.81907e-15,-0.00299596,1.12847e-15
6.63,28.4171,4.403e-14,0.700846,1.93432e-15,-0.00264502,1.11613e-15
6.64,28.4882,4.39921e-14,0.700837,2.04139e-15,-0.00242129,1.10811e-15
6.65,28.556,4.36588e-14,0.70275,2.34335e-15,-0.00286156,1.10725e-15
6.66,28.6238,4.33703e-14,0.705128,2.64012e-15,-0.00370263,1.11356e-15
6.67,28.6912,4.32034e-14,0.708628,2.82534e-15,-0.00567735,1.09861e-15
6.68,28.7587,4.27673e-14,0.712895,3.20172e-15,-0.00843944,1.08301e-15
6.69,28.8264,4.24326e-14,0.717579,3.51408e-15,-0.0115444,1.08054e-15
6.7,28.8942,4.21635e-14,0.722578,3.79564e-15,-0.0148273,1.06177e-15
6.71,28.9623,4.21473e-14,0.727792,3.8888e-15,-0.0181432,1.06878e-15
6.72,29.0305,4.22641e-14,0.733124,3.90597e-15,-0.0213663,1.06413e-15
6.73,29.0989,4.25398e-14,0.738482,3.8106e-15,-0.0243924,1.05263e-15
6.74,29.1675,4.28014e-14,0.743778,3.72756e-15,-0.0271393,1.05876e-15
6.75,29.2363,4.29967e-14,0.748932,3.6831e-15,-0.0295469,1.05057e-15
6.76,29.3052,4.32402e-14,0.753836,3.63006e-15,-0.0315121,1.04945e-15
6.77,29.3742,4.34884e-14,0.758344,3.5579e-15,-0.0328257,1.04317e-15
6.78,29.4431,4.37511e-14,0.762378,3.49037e-15,-0.0334686,1.04305e-15
6.79,29.5121,4.40208e-14,0.765886,3.41926e-15,-0.0334913,1.05113e-15
6.8,29.5811,4.429e-14,0.768825,3.3315e-15,-0.0329557,1.04355e-15
6.81,29.6501,4.45332e-14,0.771152,3.18679e-15,-0.031925,9.94158e-16
6.82,29.7192,4.47871e-14,0.772831,3.05941e-15,-0.0304591,9.64861e-16
6.83,29.7882,4.50738e-14,0.773822,2.98569e-15,-0.0286124,9.76782e-16
6.84,29.8572,4.53405e-14,0.774092,2.86901e-15,-0.0264337,9.59127e-16
6.85,29.9263,4.56284e-14,0.77361,2.78629e-15,-0.0239652,9.7125e-16
6.86,29.9953,4.59161e-14,0.77235,2.69673e-15,-0.0212426,9.88357e-16
6.87,30.0644,4.61658e-14,0.770287,2.53901e-15,-0.0182952,9.38449e-16
6.88,30.1335,4.64113e-14,0.767406,2.38105e-15,-0.0151457,8.90707e-16
6.89,30.2026,4.66529e-14,0.763692,2.22471e-15,-0.0118106,8.46477e-16
6.9,30.2716,4.68939e-14,0.759138,2.07505e-15,-0.00830047,8.05314e-16
6.91,30.3407,4.71564e-14,0.75374,1.96909e-15,-0.00462023,7.94136e-16
6.92,30.4102,4.74294e-14,0.747928,1.88204e-15,-0.00151775,8.03811e-16
6.93,30.4798,4.76834e-14,0.741818,1.82706e-15,0.00105433,8.19124e-16
6.94,30.5469,4.74935e-14,0.737298,2.03147e-15,0.00629155,8.42017e-16
6.95,30.6143,4.73134e-14,0.733302,2.23141e-15,0.0112854,8.74034e-16
6.96,30.6814,4.72122e-14,0.730431,2.4065e-15,0.0167564,8.81379e-16
6.97,30.7485,4.69119e-14,0.72848,2.70458e-15,0.0221019,9.02448e-16
6.98,30.8158,4.65864e-14,0.727185,2.99177e-15,0.0268278,9.13176e-16
6.99,30.8833,4.64167e-14,0.726461,3.19839e-15,0.0307788,9.17437e-16
7,30.9509,4.64276e-14,0.726279,3.30691e-15,0.0339247,9.38432e-16
7.01,31.0187,4.63769e-14,0.726606,3.4342e-15,0.0362677,9.42268e-16
7.02,31.0866,4.63574e-14,0.727403,3.5401e-15,0.0378384,9.56587e-16
7.03,31.1547,4.64676e-14,0.728627,3.55547e-15,0.0386903,9.60063e-16
7.04,31.223,4.67551e-14,0.730232,3.45497e-15,0.0388948,9.61145e-16
7.05,31.2914,4.70933e-14,0.732167,3.33377e-15,0.038536,9.73809e-16
7.06,31.36,4.75464e-14,0.734282,3.14163e-15,0.0375762,9.89776e-16
7.07,31.4288,4.79682e-14,0.736212,2.93478e-15,0.0357487,1.01791e-15
7.08,31.4978,4.83937e-14,0.737758,2.7807e-15,0.0330266,1.00414e-15
7.09,31.5669,4.8791e-14,0.738791,2.61486e-15,0.0294802,9.90464e-16
7.1,31.6362,4.91678e-14,0.739211,2.44794e-15,0.0252159,1.01707e-15
7.11,31.7057,4.95604e-14,0.738931,2.34842e-15,0.0203491,9.68488e-16
7.12,31.7753,4.99454e-14,0.737872,2.26405e-15,0.0149924,9.14996e-16
7.13,31.8451,5.03169e-14,0.735963,2.18354e-15,0.00925978,8.49616e-16
7.14,31.9149,5.06565e-14,0.733655,2.07779e-15,0.00389802,8.42021e-16
7.15,31.9849,5.09728e-14,0.731011,1.9767e-15,-0.000918878,8.46592e-16
7.16,32.055,5.12589e-14,0.728091,1.89177e-15,-0.00508724,8.53605e-16
7.17,32.1252,5.15125e-14,0.724959,1.80859e-15,-0.00855584,8.51305e-16
7.18,32.1955,5.17815e-14,0.721677,1.74752e-15,-0.0113178,8.54672e-16
7.19,32.266,5.2029e-14,0.718305,1.69323e-15,-0.0134016,8.56319e-16
7.2,32.3367,5.2286e-14,0.714904,1.6209e-15,-0.0148629,8.64086e-16
7.21,32.4076,5.2552e-14,0.71153,1.55085e-15,-0.0157592,8.65324e-16
7.22,32.4788,5.28167e-14,0.708237,1.46791e-15,-0.016159,8.67892e-16
7.23,32.5502,5.30405e-14,0.70507,1.42676e-15,-0.0160981,8.68139e-16
7.24,32.6218,5.33127e-14,0.70207,1.33696e-15,-0.0156396,8.79351e-16
7.25,32.6935,5.35057e-14,0.699273,1.32049e-15,-0.0148587,8.8324e-16
7.26,32.7655,5.36497e-14,0.696712,1.31828e-15,-0.0138311,8.867e-16
7.27,32.8377,5.36487e-14,0.69441,1.41993e-15,-0.0126306,8.89797e-16
7.28,32.91,5.37615e-14,0.692386,1.43022e-15,-0.0113262,8.92116e-16
7.29,32.9826,5.38436e-14,0.690655,1.47942e-15,-0.00998055,8.89378e-16
7.3,33.0553,5.39394e-14,0.689224,1.51494e-15,-0.00864862,8.97808e-16
7.31,33.1282,5.40157e-14,0.688096,1.55808e-15,-0.00737684,9.05668e-16
7.32,33.2012,5.40861e-14,0.687268,1.58515e-15,-0.00620267,9.03397e-16
7.33,33.2745,5.41592e-14,0.686734,1.63006e-15,-0.00515456,9.09739e-16
7.34,33.3479,5.42303e-14,0.686482,1.69017e-15,-0.00425224,9.15057e-16
7.35,33.4215,5.42922e-14,0.686499,1.77478e-15,-0.00350731,9.14043e-16
7.36,33.4953,5.43672e-14,0.686766,1.83033e-15,-0.00292396,9.19201e-16
7.37,33.5658,5.4485e-14,0.6891,1.86935e-15,-0.00306798,9.22324e-16
7.38,33.6356,5.41998e-14,0.693111,2.14213e-15,-0.00487359,9.23421e-16
7.39,33.7053,5.37952e-14,0.698421,2.48356e-15,-0.00794709,9.33001e-16
7.4,33.7749,5.34302e-14,0.703937,2.80863e-15,-0.0109094,9.37504e-16
7.41,33.8449,5.32733e-14,0.709898,3.01897e-15,-0.0142346,9.36585e-16
7.42,33.915,5.32258e-14,0.716181,3.15463e-15,-0.0177037,9.39031e-16
7.43,33.9854,5.33185e-14,0.722663,3.21113e-15,-0.0211685,9.39278e-16
7.44,34.0559,5.34076e-14,0.729231,3.24743e-15,-0.0245016,9.35119e-16
7.45,34.1266,5.36265e-14,0.735773,3.185e-15,-0.027599,9.28275e-16
7.46,34.1975,5.39341e-14,0.742188,3.06104e-15,-0.0303799,9.1353e-16
7.47,34.2685,5.42417e-14,0.748381,2.95008e-15,-0.0327787,9.1509e-16
7.48,34.3396,5.45494e-14,0.754179,2.85102e-15,-0.0345503,9.20114e-16
7.49,34.4107,5.48612e-14,0.759494,2.77237e-15,-0.0356565,9.43667e-16
7.5,34.4818,5.51626e-14,0.764271,2.69469e-15,-0.0361476,9.70487e-16
7.51,34.5529,5.54576e-14,0.768464,2.62405e-15,-0.036088,9.86315e-16
7.52,34.6241,5.57236e-14,0.772033,2.52143e-15,-0.0355431,9.80784e-16
7.53,34.6952,5.59904e-14,0.774938,2.43908e-15,-0.0345747,9.79848e-16
7.54,34.7664,5.62653e-14,0.777144,2.39126e-15,-0.0332385,1.01041e-15
7.55,34.8376,5.6519e-14,0.778616,2.31878e-15,-0.0315836,1.01131e-15
7.56,34.9088,5.67723e-14,0.779324,2.26593e-15,-0.0296522,1.0232e-15
7.57,34.9799,5.70025e-14,0.779244,2.18967e-15,-0.0274791,1.00993e-15
7.58,35.0511,5.72281e-14,0.778353,2.1249e-15,-0.0250925,9.99077e-16
7.59,35.1223,5.74559e-14,0.776636,2.08084e-15,-0.0225138,1.00244e-15
7.6,35.1935,5.76452e-14,0.774081,1.98789e-15,-0.0197578,9.65829e-16
7.61,35.2648,5.78592e-14,0.77068,1.95671e-15,-0.0168331,9.71826e-16
7.62,35.336,5.80401e-14,0.766433,1.88569e-15,-0.0137429,9.32625e-16
7.63,35.4072,5.8235e-14,0.76134,1.85629e-15,-0.0104852,9.36799e-16
7.64,35.4784,5.84047e-14,0.755406,1.80059e-15,-0.00705354,9.17307e-16
7.65,35.5475,5.82627e-14,0.750826,1.99684e-15,-0.000996864,9.33531e-16
7.66,35.6162,5.8232e-14,0.747429,2.13579e-15,0.00609775,9.45952e-16
7.67,35.6851,5.82153e-14,0.744393,2.29681e-15,0.0126519,9.33395e-16
7.68,35.754,5.81921e-14,0.742085,2.42652e-15,0.0189806,9.56225e-16
7.69,35.823,5.823e-14,0.74025,2.50839e-15,0.0245477,9.71976e-16
7.7,35.8923,5.82075e-14,0.73884,2.60881e-15,0.0292178,9.79294e-16
7.71,35.9616,5.80612e-14,0.737847,2.80983e-15,0.0329532,9.84631e-16
7.72,36.0312,5.77494e-14,0.737258,3.09892e-15,0.0357549,9.98167e-16
7.73,36.1008,5.74221e-14,0.737053,3.40517e-15,0.0376574,9.98978e-16
7.74,36.1707,5.71126e-14,0.737211,3.7185e-15,0.0387221,1.0028e-15
7.75,36.2407,5.68131e-14,0.737706,4.02512e-15,0.0390316,9.95919e-16
7.76,36.3109,5.67424e-14,0.738509,4.18303e-15,0.0386832,1.00198e-15
7.77,36.3812,5.66983e-14,0.739383,4.32026e-15,0.0375257,1.00854e-15
7.78,36.4518,5.66747e-14,0.740053,4.43984e-15,0.0354096,1.01453e-15
7.79,36.5225,5.66991e-14,0.740358,4.5973e-15,0.0323511,9.75959e-16
7.8,36.5933,5.67421e-14,0.740181,4.73223e-15,0.0284353,9.36658e-16
7.81,36.6643,5.68034e-14,0.739427,4.83901e-15,0.0237722,8.97504e-16
7.82,36.7355,5.6877e-14,0.738008,4.91478e-15,0.0184779,8.76058e-16
7.83,36.8069,5.69978e-14,0.735843,5.01187e-15,0.0126653,8.27955e-16
7.84,36.8784,5.70301e-14,0.733395,5.10818e-15,0.00709916,8.20538e-16
7.85,36.9501,5.70565e-14,0.730721,5.20513e-15,0.00193888,8.23659e-16
7.86,37.022,5.71087e-14,0.727875,5.29053e-15,-0.00267642,8.18117e-16
7.87,37.094,5.71989e-14,0.724911,5.36071e-15,-0.00664388,8.21987e-16
7.88,37.1661,5.73478e-14,0.721882,5.39748e-15,-0.00991031,8.26739e-16
7.89,37.2385,5.74947e-14,0.718838,5.43044e-15,-0.0124746,8.27338e-16
7.9,37.3111,5.76603e-14,0.715828,5.44819e-15,-0.0143669,8.26572e-16
7.91,37.3839,5.79214e-14,0.712898,5.41531e-15,-0.0156305,8.48524e-16
7.92,37.457,5.82471e-14,0.710089,5.30129e-15,-0.0163265,8.54545e-16
7.93,37.5302,5.85507e-14,0.707435,5.21495e-15,-0.0164865,8.59083e-16
7.94,37.6037,5.89396e-14,0.704967,5.07917e-15,-0.0161836,8.74755e-16
7.95,37.6774,5.93669e-14,0.702712,4.90714e-15,-0.0154969,8.99541e-16
7.96,37.7512,5.97984e-14,0.700691,4.72748e-15,-0.014508,9.0861e-16
7.97,37.8252,6.01522e-14,0.69892,4.59077e-15,-0.0132973,9.28018e-16
7.98,37.8995,6.04619e-14,0.697408,4.484e-15,-0.0119414,9.4088e-16
7.99,37.9739,6.07071e-14,0.696163,4.42103e-15,-0.0105111,9.54442e-16
8,38.0485,6.08764e-14,0.695184,4.4069e-15,-0.00906924,9.69597e-16
8.01,38.1233,6.10855e-14,0.694469,4.36073e-15,-0.00767023,9.6888e-16
8.02,38.1982,6.12293e-14,0.694011,4.36546e-15,-0.0063588,9.79244e-16
8.03,38.2733,6.13805e-14,0.693798,4.34439e-15,-0.00517004,9.79629e-16
8.04,38.3487,6.15748e-14,0.693818,4.3269e-15,-0.00412945,9.81874e-16
8.05,38.4242,6.17796e-14,0.694053,4.29183e-15,-0.0032535,9.91608e-16
8.06,38.4998,6.19741e-14,0.694485,4.27436e-15,-0.00255026,9.95696e-16
8.07,38.5723,6.20086e-14,0.696929,4.35785e-15,-0.00263394,9.96304e-16
8.08,38.6442,6.1718e-14,0.70098,4.62273e-15,-0.00438797,9.90332e-16
8.09,38.7161,6.1448e-14,0.705342,4.85827e-15,-0.00629975,9.89839e-16
8.1,38.7882,6.11884e-14,0.71033,5.12155e-15,-0.00890129,9.86777e-16
8.11,38.8604,6.10074e-14,0.715693,5.31303e-15,-0.0118379,9.68609e-16
8.12,38.9329,6.09259e-14,0.72132,5.42648e-15,-0.0149537,9.58257e-16
8.13,39.0055,6.09198e-14,0.727107,5.49781e-15,-0.0181093,9.42268e-16
8.14,39.0783,6.09829e-14,0.73295,5.53018e-15,-0.0211839,9.38983e-16
8.15,39.1513,6.10206e-14,0.738754,5.58656e-15,-0.0240768,9.16849e-16
8.16,39.2245,6.11226e-14,0.744428,5.56937e-15,-0.0267084,8.97315e-16
8.17,39.2978,6.11442e-14,0.749891,5.61865e-15,-0.02902,8.96622e-16
8.18,39.3712,6.11834e-14,0.75496,5.64777e-15,-0.0307305,8.80558e-16
8.19,39.4446,6.12365e-14,0.759546,5.66896e-15,-0.0317837,8.61983e-16
8.2,39.5181,6.12861e-14,0.763594,5.66712e-15,-0.032221,8.31076e-16
8.21,39.5915,6.1357e-14,0.767063,5.6852e-15,-0.0321002,8.20081e-16
8.22,39.665,6.14309e-14,0.769915,5.69244e-15,-0.0314822,8.2245e-16
8.23,39.7384,6.15269e-14,0.772115,5.71463e-15,-0.0304251,8.29024e-16
8.24,39.8119,6.1636e-14,0.773628,5.73479e-15,-0.0289821,8.42436e-16
8.25,39.8854,6.17411e-14,0.774423,5.72017e-15,-0.0272004,8.37728e-16
8.26,39.9589,6.18592e-14,0.77447,5.70381e-15,-0.0251209,8.36107e-16
8.27,40.0324,6.19798e-14,0.773745,5.66762e-15,-0.022778,8.24057e-16
8.28,40.1059,6.21351e-14,0.772227,5.66307e-15,-0.0201999,8.23224e-16
8.29,40.1794,6.23271e-14,0.769898,5.69232e-15,-0.0174085,8.66946e-16
8.3,40.2529,6.25097e-14,0.766747,5.67448e-15,-0.0144198,8.7899e-16
8.31,40.3265,6.27053e-14,0.762766,5.6505e-15,-0.0112441,8.92356e-16
8.32,40.4,6.29019e-14,0.75795,5.60261e-15,-0.00788637,8.85708e-16
8.33,40.4738,6.31934e-14,0.752693,5.51103e-15,-0.00503456,8.97308e-16
8.34,40.5452,6.29041e-14,0.748951,5.83198e-15,0.000705192,8.94007e-16
8.35,40.6167,6.26068e-14,0.745668,6.09617e-15,0.00633424,9.4252e-16
8.36,40.688,6.25373e-14,0.743391,6.23681e-15,0.0124463,9.61814e-16
8.37,40.7594,6.22792e-14,0.741881,6.48885e-15,0.0183927,9.92701e-16
8.38,40.831,6.2116e-14,0.740837,6.67416e-15,0.0236244,1.01252e-15
8.39,40.9027,6.19764e-14,0.739909,6.8629e-15,0.027656,1.02413e-15
8.4,40.9746,6.19445e-14,0.739337,6.97843e-15,0.0308124,1.03674e-15
8.41,41.0466,6.19992e-14,0.739106,7.02731e-15,0.0331027,1.037e-15
8.42,41.1188,6.21097e-14,0.739197,7.04523e-15,0.0345706,1.03047e-15
8.43,41.1911,6.23167e-14,0.739586,6.99412e-15,0.0352829,1.04046e-15
8.44,41.2636,6.25314e-14,0.740249,6.94247e-15,0.0353235,1.04495e-15
8.45,41.3363,6.28084e-14,0.741159,6.82312e-15,0.0347885,1.04354e-15
8.46,41.4091,6.30812e-14,0.741945,6.70441e-15,0.0333634,1.03686e-15
8.47,41.4822,6.3351e-14,0.74241,6.58336e-15,0.0309977,1.03543e-15
8.48,41.5553,6.36181e-14,0.74243,6.46496e-15,0.027746,1.02766e-15
8.49,41.6287,6.38984e-14,0.741905,6.37363e-15,0.0237039,1.00108e-15
8.5,41.7022,6.41324e-14,0.740751,6.21314e-15,0.0189807,1.03265e-15
8.51,41.7759,6.43961e-14,0.738888,6.11523e-15,0.013686,1.00661e-15
8.52,41.8497,6.46252e-14,0.736244,5.9633e-15,0.00792395,1.03733e-15
8.53,41.9237,6.48909e-14,0.73329,5.88845e-15,0.00245194,9.9235e-16
8.54,41.9979,6.51584e-14,0.730094,5.83847e-15,-0.00257382,9.61545e-16
8.55,42.0722,6.54154e-14,0.726718,5.79826e-15,-0.00701006,9.3483e-16
8.56,42.1466,6.56418e-14,0.723226,5.76796e-15,-0.0107765,8.99401e-16
8.57,42.2213,6.58739e-14,0.71968,5.73602e-15,-0.0138446,8.84593e-16
8.58,42.2961,6.61279e-14,0.716138,5.67903e-15,-0.0162245,8.59167e-16
8.59,42.3711,6.63785e-14,0.712657,5.63044e-15,-0.0179479,8.41576e-16
8.6,42.4464,6.66216e-14,0.709289,5.58625e-15,-0.0190627,8.25727e-16
8.61,42.522,6.6692e-14,0.706079,5.64188e-15,-0.0196042,8.1009e-16
8.62,42.5977,6.67039e-14,0.703067,5.74218e-15,-0.0196291,7.81217e-16
8.63,42.6736,6.67518e-14,0.700288,5.80175e-15,-0.0192118,7.66561e-16
8.64,42.7497,6.67798e-14,0.697769,5.88467e-15,-0.0184313,7.62183e-16
8.65,42.826,6.68447e-14,0.695535,5.9357e-15,-0.0173685,7.54954e-16
8.66,42.9025,6.69789e-14,0.693601,5.94351e-15,-0.0161025,7.43324e-16
8.67,42.9791,6.71896e-14,0.691977,5.89136e-15,-0.014708,7.37009e-16
8.68,43.056,6.74626e-14,0.690669,5.78008e-15,-0.0132536,7.37919e-16
8.69,43.133,6.77036e-14,0.689676,5.70309e-15,-0.0118,7.4219e-16
8.7,43.2102,6.79123e-14,0.688993,5.63254e-15,-0.0103988,7.44241e-16
8.71,43.2876,6.82138e-14,0.688608,5.50282e-15,-0.00909241,7.53222e-16
8.72,43.3652,6.84868e-14,0.688509,5.41839e-15,-0.00791352,7.53197e-16
8.73,43.4429,6.87585e-14,0.688677,5.30936e-15,-0.00688549,7.53305e-16
8.74,43.5209,6.90864e-14,0.689092,5.17109e-15,-0.0060228,7.5989e-16
8.75,43.596,6.88459e-14,0.691424,5.4238e-15,-0.00599975,7.70864e-16
8.76,43.6708,6.84611e-14,0.695264,5.7179e-15,-0.00752425,7.64982e-16
8.77,43.7456,6.80554e-14,0.700178,6.01155e-15,-0.0101269,7.54212e-16
8.78,43.8205,6.77817e-14,0.705679,6.2368e-15,-0.0132233,7.44085e-16
8.79,43.8957,6.75827e-14,0.711639,6.42557e-15,-0.0166235,7.37555e-16
8.8,43.971,6.74683e-14,0.717935,6.55652e-15,-0.0201576,7.22961e-16
8.81,44.0464,6.75037e-14,0.724443,6.5927e-15,-0.0236752,6.99644e-16
8.82,44.1221,6.73397e-14,0.731046,6.74119e-15,-0.0270479,6.79998e-16
8.83,44.198,6.7278e-14,0.737633,6.80875e-15,-0.0301708,6.57055e-16
8.84,44.274,6.72785e-14,0.7441,6.86097e-15,-0.0329633,6.3903e-16
8.85,44.3501,6.73151e-14,0.750224,6.92148e-15,-0.0350959,6.52231e-16
8.86,44.4262,6.7353e-14,0.755901,6.9413e-15,-0.0365196,6.32204e-16
8.87,44.5023,6.74181e-14,0.761067,6.97747e-15,-0.0372803,6.35943e-16
8.88,44.5784,6.752e-14,0.765674,7.0426e-15,-0.0374447,6.77648e-16
8.89,44.6546,6.76103e-14,0.769679,7.04785e-15,-0.0370834,6.88999e-16
8.9,44.7307,6.77296e-14,0.773042,7.06937e-15,-0.036264,7.07121e-16
8.91,44.8069,6.78899e-14,0.775722,7.12792e-15,-0.0350483,7.69546e-16
8.92,44.883,6.80356e-14,0.777684,7.11673e-15,-0.0334911,7.69203e-16
8.93,44.9592,6.81828e-14,0.778895,7.0707e-15,-0.03164,7.44833e-16
8.94,45.0354,6.83574e-14,0.779324,7.04177e-15,-0.0295351,7.462e-16
8.95,45.1116,6.85415e-14,0.778949,6.9919e-15,-0.0272095,7.3032e-16
8.96,45.1878,6.87479e-14,0.777748,6.94506e-15,-0.0246887,7.12823e-16
8.97,45.264,6.89602e-14,0.775709,6.87353e-15,-0.0219915,6.94708e-16
8.98,45.3402,6.91875e-14,0.77282,6.79561e-15,-0.0191302,6.82695e-16
8.99,45.4164,6.94404e-14,0.769078,6.73095e-15,-0.0161107,6.84226e-16
9,45.4926,6.96844e-14,0.764483,6.62179e-15,-0.0129336,6.59666e-16
9.01,45.5666,6.93581e-14,0.760666,6.72679e-15,-0.00640808,4.94544e-16
9.02,45.6402,6.93618e-14,0.757212,6.77271e-15,0.00194007,4.98953e-16
9.03,45.7139,6.93452e-14,0.754408,6.84135e-15,0.0104736,5.48989e-16
9.04,45.7879,6.94816e-14,0.752026,6.81954e-15,0.0186121,5.9731e-16
9.05,45.8619,6.96344e-14,0.749721,6.8147e-15,0.0256859,6.32561e-16
9.06,45.9361,6.9649e-14,0.747639,6.8603e-15,0.0317453,6.60953e-16
9.07,46.0105,6.97165e-14,0.745793,6.88221e-15,0.0367156,6.88396e-16
9.08,46.085,6.99769e-14,0.744195,6.78489e-15,0.0405748,7.28133e-16
9.09,46.1596,7.02214e-14,0.742852,6.67869e-15,0.0433445,7.56713e-16
9.1,46.2345,7.03806e-14,0.741769,6.63385e-15,0.0450823,7.63417e-16
9.11,46.3094,7.06455e-14,0.740946,6.5148e-15,0.0458743,7.82518e-16
9.12,46.3845,7.08289e-14,0.740207,6.44184e-15,0.0456078,7.87083e-16
9.13,46.4598,7.10419e-14,0.739361,6.43082e-15,0.0442029,7.36407e-16
9.14,46.5353,7.12402e-14,0.738283,6.40231e-15,0.0416959,6.91871e-16
9.15,46.6109,7.13794e-14,0.736873,6.28512e-15,0.0381725,7.46418e-16
9.16,46.6867,7.15866e-14,0.735038,6.3171e-15,0.0337395,6.23847e-16
9.17,46.7626,7.17265e-14,0.73269,6.23042e-15,0.0285107,6.38945e-16
9.18,46.8387,7.19187e-14,0.729739,6.24543e-15,0.0226007,5.32973e-16
9.19,46.915,7.20906e-14,0.726101,6.22249e-15,0.0161209,4.88104e-16
9.2,46.9914,7.22519e-14,0.722292,6.192e-15,0.00991194,4.45603e-16
9.21,47.0681,7.24499e-14,0.718384,6.1349e-15,0.00414094,4.15301e-16
9.22,47.1449,7.26669e-14,0.714443,6.07405e-15,-0.00104596,3.84251e-16
9.23,47.2219,7.2865e-14,0.710534,5.99728e-15,-0.00554446,3.58559e-16
9.24,47.2992,7.30472e-14,0.706714,5.95155e-15,-0.0092938,3.3416e-16
9.25,47.3767,7.31533e-14,0.703041,5.9378e-15,-0.0122703,3.19299e-16
9.26,47.4543,7.33406e-14,0.699561,5.87206e-15,-0.0144787,3.08074e-16
9.27,47.5322,7.36152e-14,0.696319,5.73598e-15,-0.0159524,3.02497e-16
9.28,47.6103,7.3919e-14,0.693352,5.5944e-15,-0.0167466,2.90478e-16
9.29,47.6886,7.42928e-14,0.690689,5.39099e-15,-0.0169331,2.84991e-16
9.3,47.7671,7.46118e-14,0.688354,5.24899e-15,-0.0165948,2.98039e-16
9.31,47.8457,7.49374e-14,0.686363,5.09473e-15,-0.0158215,2.99897e-16
9.32,47.9246,7.51851e-14,0.684727,4.99935e-15,-0.0147055,3.07676e-16
9.33,48.0037,7.53912e-14,0.683447,4.90401e-15,-0.0133378,3.13199e-16
9.34,48.0829,7.5611e-14,0.682523,4.80163e-15,-0.0118053,3.17569e-16
9.35,48.1624,7.57995e-14,0.681945,4.71696e-15,-0.0101881,3.21824e-16
9.36,48.242,7.60194e-14,0.681699,4.59259e-15,-0.00855785,3.30334e-16
9.37,48.3218,7.62027e-14,0.681769,4.49699e-15,-0.00697597,3.55632e-16
9.38,48.4017,7.63456e-14,0.682131,4.44442e-15,-0.00549338,3.67238e-16
9.39,48.4819,7.64621e-14,0.682762,4.39186e-15,-0.00414996,3.79318e-16
9.4,48.5581,7.62718e-14,0.685723,4.52502e-15,-0.00360394,3.93234e-16
9.41,48.6336,7.60488e-14,0.690534,4.67619e-15,-0.00494294,3.89858e-16
9.42,48.7092,7.58703e-14,0.695747,4.85719e-15,-0.00651771,4.21223e-16
9.43,48.7848,7.56334e-14,0.701724,5.02989e-15,-0.00893098,4.27369e-16
9.44,48.8606,7.54735e-14,0.708152,5.14873e-15,-0.0117928,4.2028e-16
9.45,48.9366,7.54775e-14,0.714899,5.15491e-15,-0.0149322,4.12536e-16
9.46,49.0128,7.55177e-14,0.721838,5.14438e-15,-0.0181935,4.02853e-16
9.47,49.0891,7.55584e-14,0.728847,5.13688e-15,-0.0214389,3.90197e-16
9.48,49.1656,7.56026e-14,0.73581,5.11956e-15,-0.0245508,3.87229e-16
9.49,49.2424,7.56991e-14,0.742619,5.06865e-15,-0.0274332,3.83175e-16
9.5,49.3192,7.5831e-14,0.749108,5.01669e-15,-0.029883,3.84928e-16
9.51,49.396,7.59639e-14,0.755133,4.96593e-15,-0.0316946,3.8711e-16
9.52,49.4729,7.60833e-14,0.76062,4.89849e-15,-0.0328845,3.73085e-16
9.53,49.5498,7.62033e-14,0.765522,4.84221e-15,-0.0335039,3.66765e-16
9.54,49.6267,7.63132e-14,0.769801,4.77757e-15,-0.0336139,3.52824e-16
9.55,49.7036,7.64304e-14,0.773422,4.73549e-15,-0.0332749,3.57297e-16
9.56,49.7805,7.65493e-14,0.776354,4.70067e-15,-0.0325424,3.55745e-16
9.57,49.8574,7.66392e-14,0.778565,4.62203e-15,-0.0314657,3.17997e-16
9.58,49.9344,7.67426e-14,0.780028,4.57878e-15,-0.0300871,3.11412e-16
9.59,50.0113,7.68365e-14,0.780719,4.5251e-15,-0.0284422,2.97633e-16
9.6,50.0883,7.69251e-14,0.780617,4.46939e-15,-0.0265598,2.81573e-16
9.61,50.1652,7.70079e-14,0.779706,4.40707e-15,-0.0244622,2.54686e-16
9.62,50.2422,7.71144e-14,0.777974,4.3912e-15,-0.0221656,2.648e-16
9.63,50.3192,7.72162e-14,0.775414,4.3656e-15,-0.0196802,2.66979e-16
9.64,50.3961,7.7319e-14,0.772022,4.33978e-15,-0.0170109,2.75455e-16
9.65,50.4731,7.74622e-14,0.767797,4.37467e-15,-0.0141578,3.05713e-16
9.66,50.5475,7.73327e-14,0.764464,4.49004e-15,-0.00765965,2.47962e-16
9.67,50.6219,7.71975e-14,0.760899,4.58643e-15,-0.000265848,1.93654e-16
9.68,50.6964,7.69461e-14,0.758011,4.78048e-15,0.00752073,2.25359e-16
9.69,50.771,7.69114e-14,0.75557,4.8389e-15,0.015083,2.43987e-16
9.7,50.8458,7.67765e-14,0.753327,4.92823e-15,0.0218538,2.61458e-16
9.71,50.9207,7.67176e-14,0.751296,4.99224e-15,0.0277043,2.85853e-16
9.72,50.9958,7.66441e-14,0.749488,5.05533e-15,0.0325562,3.0633e-16
9.73,51.071,7.65807e-14,0.747916,5.12272e-15,0.0363791,3.15729e-16
9.74,51.1464,7.653e-14,0.746585,5.17018e-15,0.0391845,3.27171e-16
9.75,51.2219,7.66476e-14,0.7455,5.13379e-15,0.0410188,3.32744e-16
9.76,51.2976,7.69132e-14,0.744664,4.99415e-15,0.0419566,3.35615e-16
9.77,51.3734,7.74331e-14,0.743951,4.68608e-15,0.0419396,3.54554e-16
9.78,51.4494,7.79413e-14,0.743137,4.41416e-15,0.0408284,3.3559e-16
9.79,51.5256,7.84368e-14,0.742087,4.17684e-15,0.038633,2.94502e-16
9.8,51.602,7.88921e-14,0.7407,3.91641e-15,0.0354265,2.77087e-16
9.81,51.6785,7.93123e-14,0.738887,3.65282e-15,0.0313085,2.74415e-16
9.82,51.7551,7.97165e-14,0.736561,3.41881e-15,0.0263882,2.36554e-16
9.83,51.832,8.00642e-14,0.733637,3.14666e-15,0.0207768,2.77017e-16
9.84,51.909,8.0384e-14,0.730035,2.89747e-15,0.0145826,3.23635e-16
9.85,51.9861,8.07837e-14,0.726259,2.66527e-15,0.00862506,2.92077e-16
9.86,52.0635,8.12367e-14,0.722379,2.41486e-15,0.00306807,2.75567e-16
9.87,52.141,8.16515e-14,0.718463,2.185e-15,-0.0019442,2.71745e-16
9.88,52.2188,8.20032e-14,0.714572,1.99665e-15,-0.00630913,2.61276e-16
9.89,52.2968,8.2263e-14,0.710767,1.87309e-15,-0.00996316,2.61733e-16
9.9,52.375,8.24099e-14,0.7071,1.81258e-15,-0.0128783,2.59666e-16
9.91,52.4533,8.25106e-14,0.703621,1.79383e-15,-0.0150576,2.57706e-16
9.92,52.5319,8.26786e-14,0.700373,1.72629e-15,-0.0165305,2.55715e-16
9.93,52.6107,8.29316e-14,0.697393,1.58428e-15,-0.0173478,2.54073e-16
9.94,52.6897,8.32369e-14,0.694711,1.416e-15,-0.0175762,2.55956e-16
9.95,52.7689,8.35548e-14,0.69235,1.24392e-15,-0.0172942,2.6651e-16
9.96,52.8483,8.39259e-14,0.690327,1.05237e-15,-0.016587,2.81373e-16
9.97,52.9279,8.41792e-14,0.688653,9.3661e-16,-0.0155425,2.75006e-16
9.98,53.0077,8.43761e-14,0.68733,8.44012e-16,-0.0142482,2.66566e-16
9.99,53.0877,8.45307e-14,0.686358,7.78208e-16,-0.0127875,2.63964e-16
10,53.1678,8.46991e-14,0.685727,7.01102e-16,-0.0112378,2.71256e-16
10.01,53.2481,8.47472e-14,0.685426,7.02247e-16,-0.00966834,2.76663e-16
10.02,53.3287,8.4729e-14,0.685436,7.40897e-16,-0.00813912,2.77983e-16
10.03,53.4094,8.46872e-14,0.685738,8.07166e-16,-0.00669981,2.81755e-16
10.04,53.4902,8.46014e-14,0.686306,9.07932e-16,-0.0053897,2.83889e-16
10.05,53.5713,8.45029e-14,0.687114,1.00423e-15,-0.00423768,2.9214e-16
10.06,53.6525,8.43641e-14,0.688133,1.14079e-15,-0.00326274,3.01006e-16
10.07,53.7339,8.42258e-14,0.689333,1.26543e-15,-0.00247472,3.1122e-16
10.08,53.8155,8.40768e-14,0.690682,1.38898e-15,-0.00187528,3.1505e-16
10.09,53.8972,8.39507e-14,0.69215,1.52225e-15,-0.00145901,3.29285e-16
10.1,53.9792,8.38278e-14,0.693704,1.65591e-15,-0.00121466,3.45094e-16
10.11,54.0613,8.37062e-14,0.695315,1.77829e-15,-0.00112641,3.70668e-16
10.12,54.1436,8.35898e-14,0.696953,1.89374e-15,-0.00117505,3.89675e-16
10.13,54.2261,8.34795e-14,0.698591,2.00895e-15,-0.00133919,3.93365e-16
10.14,54.3087,8.33725e-14,0.700201,2.1239e-15,-0.00159639,4.06342e-16
10.15,54.3916,8.3279e-14,0.701761,2.24896e-15,-0.00192404,4.24558e-16
10.16,54.4746,8.31926e-14,0.703248,2.37555e-15,-0.00230029,4.3147e-16
10.17,54.5578,8.31128e-14,0.704644,2.4849e-15,-0.00270468,4.30983e-16
10.18,54.6412,8.30578e-14,0.705932,2.56137e-15,-0.0031187,4.43259e-16
10.19,54.7248,8.30397e-14,0.707098,2.63382e-15,-0.00352621,4.55416e-16
10.2,54.8085,8.30393e-14,0.708132,2.69594e-15,-0.00391362,4.50919e-16
10.21,54.8925,8.305e-14,0.709024,2.75036e-15,-0.00427009,4.59519e-16
10.22,54.9766,8.31041e-14,0.709771,2.77178e-15,-0.00458746,4.69091e-16
10.23,55.0609,8.31725e-14,0.710369,2.78375e-15,-0.00486023,4.8183e-16
10.24,55.1454,8.32564e-14,0.710817,2.7998e-15,-0.00508531,4.99022e-16
10.25,55.2301,8.33951e-14,0.711119,2.76951e-15,-0.00526179,4.99414e-16
10.26,55.315,8.35288e-14,0.711277,2.74676e-15,-0.00539071,5.01234e-16
10.27,55.4001,8.36843e-14,0.711299,2.7153e-15,-0.00547467,5.13631e-16
10.28,55.4853,8.38419e-14,0.711192,2.68387e-15,-0.00551755,5.09338e-16
10.29,55.5707,8.39995e-14,0.710966,2.66038e-15,-0.00552416,5.20189e-16
10.3,55.6564,8.41678e-14,0.710631,2.61396e-15,-0.00549992,5.27407e-16
10.31,55.7422,8.43808e-14,0.710199,2.53654e-15,-0.0054506,5.35617e-16
10.32,55.8281,8.45911e-14,0.709684,2.4742e-15,-0.00538204,5.50935e-16
10.33,55.9143,8.48487e-14,0.709097,2.37653e-15,-0.00529992,5.59999e-16
10.34,56.0007,8.51399e-14,0.708452,2.26956e-15,-0.00520958,5.77665e-16
10.35,56.0872,8.54605e-14,0.707763,2.13508e-15,-0.0051159,5.96656e-16
10.36,56.1739,8.57426e-14,0.707042,2.03941e-15,-0.00502312,6.03234e-16
10.37,56.2608,8.59717e-14,0.706303,1.98239e-15,-0.00493486,6.10803e-16
10.38,56.3479,8.61752e-14,0.705559,1.95118e-15,-0.00485404,6.26694e-16
10.39,56.4352,8.62969e-14,0.70482,1.97246e-15,-0.00478284,6.45546e-16
10.4,56.5226,8.64034e-14,0.704097,2.00437e-15,-0.00472282,6.63418e-16
10.41,56.6103,8.64736e-14,0.703402,2.03962e-15,-0.00467484,6.71657e-16
10.42,56.6981,8.65112e-14,0.702741,2.09578e-15,-0.00463924,6.72998e-16
10.43,56.7861,8.65385e-14,0.702124,2.18401e-15,-0.00461583,6.74427e-16
10.44,56.8743,8.65564e-14,0.701557,2.26921e-15,-0.00460399,6.8339e-16
10.45,56.9626,8.65917e-14,0.701045,2.33122e-15,-0.00460278,6.99307e-16
10.46,57.0512,8.66189e-14,0.700592,2.40188e-15,-0.004611,7.10942e-16
10.47,57.1399,8.66765e-14,0.700202,2.46547e-15,-0.00462726,7.1085e-16
10.48,57.2288,8.66713e-14,0.699875,2.5598e-15,-0.00462526,6.09563e-16
10.49,57.3178,8.67196e-14,0.699613,2.60897e-15,-0.00455799,6.24564e-16
10.5,57.4069,8.68395e-14,0.699416,2.61367e-15,-0.00443004,6.38688e-16
10.51,57.4961,8.69397e-14,0.69928,2.63636e-15,-0.00424684,5.5961e-16
10.52,57.5853,8.70698e-14,0.699206,2.62749e-15,-0.00401444,5.83375e-16
10.53,57.6746,8.72514e-14,0.699188,2.58914e-15,-0.00373936,6.0822e-16
10.54,57.764,8.74461e-14,0.699225,2.54665e-15,-0.00342848,6.2725e-16
10.55,57.8534,8.7659e-14,0.69931,2.47217e-15,-0.00308884,5.44354e-16
10.56,57.9428,8.79031e-14,0.69944,2.37559e-15,-0.00272754,5.67541e-16
10.57,58.0322,8.81671e-14,0.69961,2.28918e-15,-0.00235162,5.91316e-16
10.58,58.1217,8.8438e-14,0.699813,2.19172e-15,-0.00196792,6.05968e-16
10.59,58.2111,8.86827e-14,0.700044,2.10251e-15,-0.00158302,5.17076e-16
10.6,58.3006,8.89302e-14,0.700298,2.00172e-15,-0.00120309,4.46951e-16
10.61,58.39,8.92031e-14,0.700568,1.87164e-15,-0.000833856,5.78607e-16
10.62,58.4794,8.94977e-14,0.700849,1.75175e-15,-0.000480531,6.97254e-16
10.63,58.5688,8.97885e-14,0.701136,1.65283e-15,-0.000147737,6.9256e-16
10.64,58.6581,9.00685e-14,0.701424,1.5555e-15,0.000160516,8.00337e-16
10.65,58.7474,9.03394e-14,0.701707,1.46711e-15,0.000440863,8.99116e-16
10.66,58.8366,9.06083e-14,0.701982,1.38784e-15,0.000690596,8.82741e-16
10.67,58.9258,9.08782e-14,0.702244,1.3196e-15,0.000907671,8.7419e-16
10.68,59.015,9.11287e-14,0.70249,1.23161e-15,0.0010907,8.64041e-16
10.69,59.104,9.13904e-14,0.702716,1.16154e-15,0.00123893,8.53006e-16
10.7,59.1931,9.16346e-14,0.702921,1.0982e-15,0.00135221,9.45323e-16
10.71,59.2821,9.1882e-14,0.703101,1.0406e-15,0.00143098,9.23178e-16
10.72,59.371,9.21262e-14,0.703256,9.69564e-16,0.00147619,9.04779e-16
10.73,59.4599,9.2365e-14,0.703384,9.06454e-16,0.0014893,8.99696e-16
10.74,59.5487,9.26113e-14,0.703486,8.54574e-16,0.00147216,8.90305e-16
10.75,59.6375,9.28295e-14,0.70356,8.08165e-16,0.00142704,9.82936e-16
10.76,59.7263,9.30431e-14,0.703607,7.8997e-16,0.00135647,1.06375e-15
10.77,59.8151,9.32541e-14,0.703627,7.82456e-16,0.00126327,1.13267e-15
10.78,59.9038,9.34706e-14,0.703623,7.74039e-16,0.00115043,1.10769e-15
10.79,59.9925,9.36848e-14,0.703594,7.57744e-16,0.00102107,1.0823e-15
10.8,60.0811,9.39005e-14,0.703544,7.38655e-16,0.000878396,1.05595e-15
